-16585  4
     0  2
  8382  1
     0  2
  2380  1
 14738  1
     0  2
     0  2
 28601  1
     0  2
     0  2
-15499  4
-12082  4
     0  2
     0  2
     0  2
 20699  1
  4906  1
-14724  4
-32073  4
  2292  1
-10679  4
-27315  4
     0  2
 -7742  4
     0  2
 32455  1
     0  2
  3094  1
 22508  1
 -8897  4
-26564  4
 28666  1
     0  2
 22029  1
-15019  4
     0  2
  7150  1
     0  2
     0  2
  8344  1
-24827  4
-14508  4
     0  2
-30934  4
 -5776  4
-26675  4
     0  2
     0  2
  5518  1
 12672  1
     0  2
     0  2
     0  2
     0  2
     0  2
     0  2
 27089  1
-15966  4
     0  2
     0  2
 -3327  4
 30770  1
     0  2
-23377  4
     0  2
  8743  1
 14464  1
 -6181  4
     0  2
 -9995  4
 18659  1
     0  2
     0  2
     0  2
     0  2
     0  2
  6184  1
 -2015  4
     0  2
 -7347  4
-30489  4
-12292  4
-32745  4
 16603  1
     0  2
 30676  1
     0  2
     0  2
-30466  4
-19724  4
-17693  4
     0  2
  8669  1
-16476  4
-11009  4
     0  2
 24956  1
     0  2
-22398  4
 21122  1
 -8752  4
     0  2
     0  2
 -7337  4
 18142  1
     0  2
     0  2
  1034  1
 -4627  4
     0  2
     0  2
-15549  4
-24255  4
-29193  4
 30425  1
-18904  4
     0  2
     0  2
     0  2
 -7832  4
-25798  4
     0  2
 12079  1
 13927  1
     0  2
 -3614  4
-26862  4
-21503  4
-31643  4
 29761  1
 -9603  4
 21522  1
 23043  1
 -6126  4
     0  2
     0  2
     0  2
     0  2
 -8816  4
-26428  4
 -4828  4
-29396  4
 30515  1
-28304  4
-12768  4
-23909  4
     0  2
  4911  1
 -3300  4
     0  2
     0  2
 17307  1
-13350  4
-14979  4
-14295  4
 19444  1
 16650  1
-17337  4
 32403  1
 -9288  4
-24680  4
     0  2
     0  2
     0  2
     0  2
     0  2
 30671  1
     0  2
-16231  4
-14288  4
 26427  1
 10187  1
 -3745  4
-28204  4
     0  2
     0  2
 12603  1
 13845  1
     0  2
 25015  1
     0  2
-30784  4
     0  2
 15599  1
 -7341  4
 31918  1
-18216  4
-19980  4
     0  2
-16606  4
 -3054  4
 18294  1
-30933  4
-14218  4
     0  2
     0  2
-28293  4
  2438  1
 23531  1
 -8344  4
     0  2
  6637  1
     0  2
 -8925  4
     0  2
 -9937  4
     0  2
     0  2
 27149  1
     0  2
-21252  4
 20861  1
     0  2
-14748  4
     0  2
     0  2
  1562  1
-29123  4
   999  1
 10052  1
     0  2
     0  2
  9694  1
     0  2
 31431  1
  5717  1
-31213  4
-28411  4
-17819  4
     0  2
     0  2
 15599  1
 26617  1
     0  2
 -9738  4
 -9669  4
     0  2
 32736  1
     0  2
-31772  4
-12760  4
     0  2
-13073  4
-19694  4
-17941  4
     0  2
     0  2
 14473  1
 -7474  4
 -4034  4
 25037  1
-16926  4
-19299  4
 17647  1
 12349  1
-27485  4
 -8937  4
 15630  1
-27479  4
 31185  1
-17646  4
-25807  4
 -1771  4
 15430  1
     0  2
     0  2
  2116  1
 21827  1
     0  2
-10567  4
     0  2
 -2966  4
     0  2
 25541  1
 -9537  4
 -3188  4
     0  2
-28704  4
 12333  1
-16777  4
  3409  1
     0  2
 23026  1
-14337  4
     0  2
-21078  4
 -5027  4
 11240  1
     0  2
 -4222  4
 -5128  4
     0  2
  8000  1
     0  2
-21628  4
 31479  1
  3912  1
     0  2
-28851  4
-23365  4
 -7036  4
     0  2
-17426  4
-32098  4
-12442  4
-14694  4
  7898  1
-10920  4
-17715  4
-14708  4
-32578  4
 27757  1
     0  2
 16457  1
     0  2
     0  2
     0  2
-29525  4
     0  2
 -2956  4
-15716  4
-12676  4
  -415  4
 13300  1
 -1442  4
 10647  1
     0  2
     0  2
     0  2
 10582  1
  2275  1
   472  1
     0  2
-16608  4
-20393  4
     0  2
     0  2
     0  2
     0  2
 12682  1
     0  2
 -6602  4
  7757  1
  2537  1
     0  2
-19190  4
 24249  1
 15769  1
     0  2
 26430  1
     0  2
     0  2
     0  2
     0  2
 15520  1
 24515  1
     0  2
     0  2
     0  2
     0  2
-31590  4
-13775  4
  -391  4
 30414  1
 30957  1
     0  2
  1806  1
 -1903  4
-29204  4
 -5733  4
 30312  1
-19643  4
  5803  1
     0  2
-18987  4
     0  2
-30162  4
     0  2
     0  2
-19274  4
-25774  4
  2800  1
 32686  1
-18180  4
 13382  1
-29398  4
     0  2
     0  2
 19895  1
     0  2
 13591  1
   536  1
 17743  1
     0  2
-29334  4
-26568  4
 14061  1
-31855  4
  4115  1
-13055  4
     0  2
-30019  4
 23823  1
 -2143  4
 10560  1
-16396  4
     0  2
     0  2
     0  2
     0  2
  -907  4
 24503  1
-20595  4
 16341  1
-14885  4
     0  2
-30080  4
 -7245  4
     0  2
     0  2
-20875  4
 17233  1
     0  2
     0  2
 30244  1
     0  2
     0  2
 11264  1
-29477  4
     0  2
-16588  4
-31637  4
-11191  4
-22104  4
     0  2
 15910  1
     0  2
 12511  1
  4276  1
     0  2
     0  2
-24795  4
 -8024  4
     0  2
-13100  4
 -9468  4
  2189  1
 10133  1
 16489  1
     0  2
 18308  1
     0  2
     0  2
-29958  4
 28946  1
 20862  1
     0  2
 -7198  4
 -7945  4
     0  2
     0  2
-10933  4
-13500  4
 24501  1
-12410  4
-25800  4
     0  2
     0  2
 14986  1
-14364  4
  9565  1
  9628  1
 30136  1
-10363  4
 31392  1
 10059  1
     0  2
 15739  1
-26600  4
     0  2
     0  2
     0  2
-13135  4
 30810  1
     0  2
     0  2
     0  2
 22321  1
-22572  4
-15122  4
 20232  1
 28600  1
-19771  4
     0  2
 28423  1
 -6488  4
     0  2
     0  2
     0  2
     0  2
-26053  4
 16396  1
     0  2
     0  2
-17480  4
     0  2
 -6309  4
     0  2
-16268  4
     0  2
 23428  1
     0  2
     0  2
     0  2
 31468  1
     0  2
     0  2
     0  2
     0  2
     0  2
-13394  4
 25201  1
 -3013  4
     0  2
 12441  1
 18240  1
 14681  1
     0  2
-30130  4
     0  2
     0  2
-25661  4
  7177  1
-31335  4
  5630  1
 30953  1
-23470  4
-17200  4
     0  2
  6828  1
  5508  1
 28535  1
-30247  4
     0  2
     0  2
-30965  4
 26495  1
 13515  1
     0  2
  3794  1
-26440  4
     0  2
-21819  4
 19653  1
-12214  4
     0  2
     0  2
-24105  4
     0  2
     0  2
     0  2
     0  2
 25548  1
 -4297  4
     0  2
-16159  4
     0  2
 17400  1
 31801  1
  2443  1
-20278  4
     0  2
     0  2
  9289  1
-31365  4
 18139  1
 -2097  4
     0  2
 15839  1
  7181  1
-27656  4
     0  2
     0  2
 30684  1
   407  1
-11649  4
 13169  1
     0  2
 30981  1
     0  2
     0  2
-32383  4
 -7206  4
-28818  4
     0  2
-30510  4
  4689  1
-14981  4
     0  2
-15655  4
-22937  4
  9165  1
  3517  1
     0  2
-13399  4
-22342  4
 13612  1
     0  2
 25545  1
     0  2
-13573  4
 28988  1
 18775  1
     0  2
  3287  1
 31815  1
 26595  1
     0  2
-30837  4
-10571  4
 23580  1
  1663  1
     0  2
 -5766  4
-22725  4
  4905  1
     0  2
-28176  4
-17450  4
     0  2
  7885  1
-23911  4
  2485  1
-18221  4
  6666  1
  5756  1
     0  2
     0  2
 30990  1
     0  2
-20740  4
-29015  4
 12737  1
 -6551  4
     0  2
 15324  1
 -6634  4
     0  2
     0  2
     0  2
 -9282  4
-30301  4
 27050  1
-10180  4
     0  2
 -5331  4
 -6254  4
-14367  4
-30697  4
-19309  4
-26223  4
-17942  4
-11651  4
-15466  4
 14816  1
-11668  4
 20525  1
  7056  1
 22479  1
 29955  1
     0  2
 -2214  4
     0  2
 26867  1
-28160  4
 30766  1
     0  2
-32764  4
-32233  4
-30984  4
 -1939  4
     0  2
  5897  1
     0  2
 32590  1
 28154  1
 -6816  4
  5182  1
     0  2
-16150  4
  5514  1
     0  2
     0  2
     0  2
 31520  1
     0  2
 30162  1
  3905  1
     0  2
-11699  4
 31884  1
-19890  4
     0  2
 29709  1
 11293  1
 10745  1
     0  2
  7113  1
 28342  1
 11239  1
     0  2
-13788  4
 18881  1
-25705  4
 12130  1
     0  2
 18095  1
-27033  4
-13146  4
  -369  4
  2997  1
-16696  4
 21565  1
     0  2
 -2323  4
     0  2
     0  2
 -2740  4
 -7570  4
 25010  1
-23733  4
 22282  1
-13502  4
 15629  1
 -5462  4
-28457  4
 -1017  4
 26061  1
 24078  1
     0  2
     0  2
     0  2
  -478  4
  5092  1
     0  2
     0  2
 -9460  4
 12364  1
 20709  1
-24357  4
-18921  4
 26163  1
 17993  1
     0  2
 25645  1
     0  2
-25493  4
-24259  4
-12745  4
 18719  1
 30879  1
 -8636  4
 23746  1
     0  2
     0  2
-18535  4
 -2944  4
 -4450  4
-23546  4
 22570  1
     0  2
     0  2
     0  2
-15011  4
  3774  1
 -7303  4
-26312  4
     0  2
     0  2
 13089  1
-22353  4
 15117  1
 27326  1
     0  2
 26592  1
     0  2
  3926  1
-30700  4
     0  2
-10581  4
-32433  4
 10120  1
 -1813  4
     0  2
     0  2
     0  2
 18409  1
-32373  4
 24888  1
  6890  1
  2399  1
     0  2
-10527  4
 28316  1
-29951  4
-11779  4
     0  2
  6970  1
  9960  1
     0  2
 31716  1
-20708  4
-26059  4
 29033  1
     0  2
  8742  1
  6255  1
 26325  1
-12428  4
-16203  4
 -6871  4
     0  2
     0  2
     0  2
-15111  4
 -9717  4
     0  2
     0  2
     0  2
 18476  1
-15169  4
-15202  4
  4996  1
     0  2
  7560  1
 14501  1
-21284  4
 -2395  4
     0  2
     0  2
     0  2
     0  2
-14242  4
 16861  1
-21869  4
  3675  1
 32046  1
 11934  1
     0  2
     0  2
 19757  1
  3360  1
 24137  1
 26214  1
 -9712  4
-32149  4
-10718  4
 24891  1
     0  2
  2800  1
     0  2
 13648  1
 15705  1
     0  2
     0  2
     0  2
     0  2
     0  2
     0  2
 -2486  4
     0  2
 -3486  4
-30508  4
     0  2
 14742  1
     0  2
 27416  1
 14566  1
 25084  1
     0  2
-20146  4
     0  2
     0  2
 -4680  4
 21650  1
     0  2
  1587  1
 21313  1
     0  2
     0  2
     0  2
     0  2
  6876  1
 30618  1
     0  2
  2335  1
 -5027  4
-12655  4
     0  2
 26140  1
     0  2
     0  2
-29043  4
     0  2
 -8668  4
 32046  1
     0  2
     0  2
     0  2
-19813  4
 30081  1
-11184  4
 32637  1
 11295  1
-25908  4
-12447  4
     0  2
 -3784  4
-18940  4
-24856  4
 -1376  4
-24658  4
-21016  4
-31560  4
  -990  4
-27803  4
   343  1
 16485  1
-23657  4
 30984  1
-32439  4
-20167  4
 12972  1
-30375  4
 24101  1
  2265  1
-28400  4
-23620  4
 27378  1
     0  2
    32  1
-12817  4
-13626  4
 -8952  4
     0  2
     0  2
-30988  4
     0  2
     0  2
     0  2
 11981  1
 18262  1
 10621  1
 14630  1
 -6981  4
  3034  1
     0  2
 30995  1
-16015  4
 22804  1
     0  2
     0  2
 21595  1
-12716  4
     0  2
 27845  1
 10050  1
 16509  1
 30239  1
   536  1
-32438  4
 25511  1
-30583  4
     0  2
     0  2
-12272  4
     0  2
-22895  4
 -2983  4
-23934  4
     0  2
-15747  4
     0  2
 21090  1
     0  2
  7095  1
     0  2
     0  2
     0  2
  5198  1
-29063  4
     0  2
     0  2
     0  2
  6412  1
  6248  1
     0  2
     0  2
     0  2
     0  2
 -8597  4
  8777  1
     0  2
  4798  1
  8491  1
 26376  1
  2931  1
 -8438  4
 24557  1
 -8419  4
 22495  1
     0  2
 -1287  4
     0  2
 30498  1
-13478  4
  2124  1
 15254  1
-29830  4
     0  2
-25489  4
 27591  1
 18571  1
  7840  1
 -8931  4
     0  2
 -6440  4
 -7918  4
 13010  1
-27023  4
 25661  1
-27456  4
-29697  4
     0  2
  4985  1
 11227  1
 15006  1
     0  2
     0  2
     0  2
 23509  1
     0  2
-21799  4
     0  2
     0  2
-17343  4
 -3792  4
     0  2
     0  2
 -3834  4
-28532  4
  2474  1
  3471  1
 16959  1
     0  2
 10291  1
-28748  4
 -7792  4
     0  2
-17539  4
  8558  1
 -8675  4
  6147  1
     0  2
     0  2
  4959  1
     0  2
 -4098  4
     0  2
 20603  1
 21678  1
     0  2
     0  2
-21639  4
     0  2
-26402  4
-24657  4
-22010  4
-16510  4
 16867  1
-32545  4
 -2781  4
  7248  1
     0  2
 -2844  4
  7979  1
 21389  1
     0  2
     0  2
  3626  1
     0  2
 30128  1
     0  2
-31222  4
     0  2
-19674  4
-29557  4
     0  2
 16195  1
     0  2
     0  2
 -2175  4
 13868  1
 25931  1
-31426  4
     0  2
 27805  1
 14952  1
 15078  1
     0  2
     0  2
     0  2
     0  2
 -7358  4
     0  2
-32140  4
 26630  1
-13940  4
-18481  4
 -4590  4
     0  2
     0  2
 12476  1
     0  2
     0  2
     0  2
-14788  4
 11877  1
     0  2
-15916  4
 23369  1
     0  2
     0  2
     0  2
-16508  4
 22386  1
 30286  1
     0  2
-20814  4
 13195  1
     0  2
     0  2
-16231  4
     0  2
-21782  4
 15381  1
-19365  4
-19530  4
     0  2
     0  2
-20565  4
-21641  4
 -9285  4
-28175  4
 30037  1
     0  2
     0  2
-21328  4
     0  2
   650  1
-20866  4
     0  2
 17651  1
 -9656  4
 30008  1
-29216  4
-22856  4
     0  2
-12921  4
 -9042  4
     0  2
     0  2
     0  2
  7768  1
     0  2
-26210  4
-16501  4
  9425  1
-12507  4
 30032  1
 18862  1
-17233  4
 -6401  4
 16947  1
-28424  4
-13381  4
-15279  4
  4333  1
-22555  4
     0  2
 20179  1
-31213  4
     0  2
     0  2
     0  2
     0  2
-21235  4
     0  2
 20732  1
-24097  4
 29226  1
 13222  1
   -71  4
-21993  4
-29014  4
     0  2
     0  2
-25025  4
     0  2
 16359  1
 29856  1
-16023  4
     0  2
-29465  4
     0  2
     0  2
  7561  1
     0  2
  8117  1
 13427  1
     0  2
 16134  1
-16035  4
 28995  1
 -2597  4
     0  2
     0  2
 -1559  4
-30369  4
     0  2
-23011  4
 23250  1
  -364  4
-27567  4
-16310  4
 -6660  4
 -1007  4
     0  2
  7701  1
-22951  4
     0  2
     0  2
     0  2
     0  2
  1484  1
 -5778  4
     0  2
     0  2
     0  2
-20022  4
  6911  1
  5735  1
 -6493  4
 -9073  4
  3610  1
 -3192  4
  3934  1
 -4881  4
     0  2
-16344  4
 -5170  4
 31535  1
     0  2
-19736  4
  9637  1
     0  2
     0  2
     0  2
 24461  1
  3434  1
 -1102  4
-18415  4
     0  2
 14529  1
 -2105  4
     0  2
  9871  1
  3876  1
 23184  1
     0  2
-20121  4
-14555  4
 20948  1
 -4857  4
     0  2
-28203  4
     0  2
-12348  4
 11758  1
 23296  1
     0  2
     0  2
 31620  1
  2016  1
     0  2
 27588  1
-13435  4
-32046  4
     0  2
     0  2
 -1134  4
 24999  1
-31413  4
 31166  1
 20113  1
     0  2
     0  2
     0  2
  6048  1
-16600  4
   523  1
     0  2
-16376  4
-12960  4
     0  2
-24490  4
     0  2
     0  2
  7313  1
     0  2
     0  2
     0  2
     0  2
-18771  4
-13550  4
     0  2
 20852  1
     0  2
-30044  4
 14277  1
     0  2
     0  2
     0  2
     0  2
     0  2
     0  2
 15653  1
-15180  4
 -3664  4
     0  2
 20299  1
-13071  4
-29198  4
     0  2
   873  1
     0  2
-10808  4
-32045  4
 21474  1
  8970  1
     0  2
 -5112  4
     0  2
-11270  4
 10787  1
 -2100  4
-23958  4
-14139  4
     0  2
 22458  1
     0  2
 10390  1
     0  2
  2750  1
 10148  1
     0  2
 19017  1
 20204  1
 -5254  4
     0  2
 12800  1
  1842  1
     0  2
  9741  1
-18627  4
 -9522  4
-18111  4
 28298  1
-21305  4
 28115  1
 21256  1
     0  2
 12450  1
     0  2
-15169  4
     0  2
  6705  1
     0  2
 31869  1
     0  2
     0  2
 23432  1
     0  2
  1264  1
     0  2
 -8839  4
-29083  4
  3288  1
-22597  4
 26365  1
 -6746  4
-32000  4
 31789  1
     0  2
 -7968  4
-32602  4
-19309  4
 -5213  4
-26763  4
 15096  1
     0  2
     0  2
     0  2
     0  2
 32466  1
     0  2
     0  2
     0  2
-21820  4
  9831  1
-25470  4
-17317  4
  7161  1
 -8439  4
 -7235  4
     0  2
  4489  1
 28852  1
 -5880  4
-13969  4
     0  2
     0  2
 23827  1
     0  2
-21860  4
-25383  4
-25683  4
     0  2
 21060  1
-28121  4
-15152  4
-13290  4
  3962  1
 20190  1
     0  2
     0  2
     0  2
     0  2
 17880  1
  4194  1
     0  2
     0  2
     0  2
 28611  1
     0  2
  9906  1
  8719  1
-16409  4
 -1793  4
 27896  1
-11618  4
  1258  1
-14135  4
  3323  1
  7638  1
-29576  4
     0  2
     0  2
 19834  1
 21450  1
-20723  4
 18715  1
     0  2
-22513  4
     0  2
     0  2
  -496  4
-18657  4
     0  2
 -7829  4
 21107  1
 10470  1
 19863  1
     0  2
 10600  1
 28485  1
 -6133  4
-32738  4
 -1222  4
-23275  4
     0  2
 -3465  4
 27643  1
  4477  1
 -5824  4
 25458  1
-28222  4
     0  2
     0  2
-29644  4
     0  2
     0  2
  1123  1
 19446  1
-15421  4
-14380  4
   -75  4
 -5795  4
-25000  4
     0  2
     0  2
 31433  1
-11679  4
     0  2
     0  2
     0  2
 -2685  4
 -3327  4
-20495  4
-27650  4
-29377  4
     0  2
-23234  4
     0  2
     0  2
 -5257  4
  2597  1
 -8651  4
 -2263  4
 -9359  4
     0  2
-18206  4
  2853  1
     0  2
     0  2
-15709  4
 29027  1
     0  2
 23743  1
 -9021  4
  -391  4
-22387  4
     0  2
  5238  1
-32182  4
     0  2
  6109  1
  1617  1
-24104  4
     0  2
-21624  4
-17469  4
-28475  4
     0  2
     0  2
  -157  4
     0  2
  7277  1
     0  2
     0  2
     0  2
-30364  4
-27590  4
     0  2
 -5566  4
 -6586  4
 -4222  4
     0  2
 -4446  4
     0  2
-14315  4
     0  2
     0  2
 26227  1
 17230  1
 -2976  4
-12914  4
     0  2
     0  2
     0  2
-21196  4
 31485  1
     0  2
  -263  4
     0  2
-11844  4
     0  2
     0  2
     0  2
     0  2
     0  2
-21616  4
 -1757  4
 25218  1
     0  2
     0  2
 -5540  4
     0  2
-32156  4
 17018  1
-28721  4
-16362  4
  8431  1
-22177  4
  5656  1
-32671  4
     0  2
-30976  4
 -8516  4
     0  2
 -7079  4
-16651  4
 -7370  4
-13485  4
 -1256  4
 32079  1
-25261  4
 21728  1
 -4840  4
     0  2
     0  2
-15695  4
     0  2
 17872  1
 14228  1
   679  1
     0  2
 13313  1
-12236  4
-24104  4
     0  2
-24620  4
 -8940  4
  4556  1
 17234  1
  -393  4
 -9719  4
 -7564  4
     0  2
 24717  1
 12658  1
     0  2
 -4203  4
 14257  1
 -7982  4
    77  1
-20792  4
-22984  4
     0  2
-28857  4
     0  2
     0  2
     0  2
     0  2
-13779  4
     0  2
 13036  1
     0  2
  -458  4
     0  2
 26190  1
     0  2
 25326  1
     0  2
-31145  4
 18895  1
 24425  1
     0  2
     0  2
 29489  1
-23340  4
     0  2
 -9905  4
     0  2
     0  2
-20862  4
-21842  4
-12262  4
     0  2
     0  2
 23353  1
 32729  1
     0  2
 -7756  4
 32443  1
 -2246  4
 -3245  4
-32371  4
-25406  4
 -1196  4
-15821  4
-25962  4
  8873  1
  8613  1
 -4371  4
 31437  1
-16485  4
  7057  1
     0  2
-22933  4
 32353  1
     0  2
 13030  1
 12769  1
     0  2
     0  2
     0  2
 17695  1
 -4363  4
     0  2
 -6750  4
-14825  4
 -1653  4
     0  2
 -4193  4
-29990  4
     0  2
  3960  1
     0  2
     0  2
-11323  4
 16017  1
  -771  4
     0  2
     0  2
  5068  1
-14152  4
-11199  4
 -4590  4
     0  2
     0  2
 10596  1
     0  2
     0  2
 -5255  4
     0  2
-13121  4
-15121  4
-29286  4
 28666  1
     0  2
-26231  4
     0  2
 23627  1
 -6162  4
  7765  1
-29796  4
 16101  1
 27427  1
     0  2
-28419  4
 31303  1
     0  2
 -4837  4
     0  2
 20650  1
     0  2
 20989  1
-30316  4
-31320  4
 28744  1
  6162  1
 17292  1
 25224  1
  6594  1
 -6620  4
     0  2
     0  2
 21630  1
 26317  1
 -2243  4
-26615  4
-10602  4
     0  2
-13437  4
     0  2
     0  2
 13596  1
     0  2
-18449  4
 31927  1
     0  2
-31807  4
  5083  1
     0  2
  9722  1
     0  2
  7686  1
 24314  1
 16293  1
  5720  1
 -7630  4
 -3931  4
 28385  1
     0  2
  9899  1
 -5126  4
-30065  4
     0  2
     0  2
     0  2
 22422  1
     0  2
  9935  1
 31347  1
 -1369  4
 11391  1
 22339  1
     0  2
  1834  1
     0  2
     0  2
 -2756  4
     0  2
 28762  1
 21886  1
-11704  4
 25262  1
-23647  4
 29640  1
 17015  1
     0  2
 24445  1
     0  2
     0  2
-12696  4
     0  2
     0  2
-14021  4
     0  2
-17626  4
-10195  4
     0  2
     0  2
  8432  1
 11850  1
 22149  1
     0  2
     0  2
 -7602  4
 -5859  4
     0  2
-31748  4
-29407  4
-21520  4
-22560  4
 32381  1
 13442  1
     0  2
-29590  4
     0  2
 -3718  4
 27305  1
 -9909  4
     0  2
 17070  1
-11135  4
  -673  4
 -9171  4
     0  2
     0  2
 -6313  4
 -3130  4
 13609  1
     0  2
-28413  4
-13179  4
     0  2
-28181  4
     0  2
-30416  4
     0  2
 23479  1
  8435  1
  3878  1
 25703  1
-24431  4
     0  2
  3754  1
-19961  4
     0  2
 -9937  4
  8283  1
-12953  4
  6515  1
     0  2
  2137  1
     0  2
-32686  4
     0  2
  3658  1
-23032  4
     0  2
-27231  4
 11177  1
 23049  1
 26871  1
     0  2
     0  2
-23716  4
     0  2
 -4162  4
 27119  1
 -7050  4
     0  2
  1028  1
-16825  4
 13631  1
 -5113  4
 -1198  4
 13131  1
     0  2
 25839  1
     0  2
 23596  1
 26070  1
 20497  1
     0  2
     0  2
     0  2
 -7597  4
-19890  4
 10901  1
 31662  1
   181  1
-25985  4
-32480  4
 30317  1
 18399  1
 30020  1
 -8211  4
  -501  4
     0  2
-14710  4
-26913  4
     0  2
  9162  1
     0  2
 -6335  4
     0  2
-22452  4
-16078  4
-18644  4
  2257  1
  5417  1
 -8937  4
 27950  1
 -9730  4
-12634  4
     0  2
-11221  4
 19023  1
     0  2
     0  2
 -9997  4
     0  2
 -3883  4
 16006  1
-25109  4
 16514  1
 27686  1
     0  2
-10674  4
 13522  1
-24779  4
 21598  1
-31437  4
 25713  1
 -8173  4
-18745  4
     0  2
-11138  4
-29747  4
 21361  1
-20905  4
 21432  1
 -9785  4
     0  2
     0  2
-10326  4
-14383  4
     0  2
     0  2
     0  2
 32712  1
-19935  4
 31838  1
     0  2
  1368  1
     0  2
     0  2
-32450  4
 23112  1
 15391  1
     0  2
 21698  1
     0  2
     0  2
 27838  1
-29545  4
 -7424  4
     0  2
-26933  4
 -4523  4
 24206  1
 14012  1
 31390  1
  4055  1
-14687  4
     0  2
 15309  1
 31174  1
     0  2
     0  2
     0  2
 16189  1
-14316  4
     0  2
 11949  1
-29436  4
-14264  4
 29131  1
     0  2
-28934  4
     0  2
-20087  4
-11801  4
 26783  1
     0  2
-12768  4
 14989  1
     0  2
-29383  4
     0  2
 -8472  4
     0  2
     0  2
 30806  1
     0  2
 30186  1
 -6796  4
-10419  4
-14775  4
-28357  4
     0  2
-18873  4
     0  2
     0  2
-20034  4
 15460  1
-12015  4
 -8860  4
  1148  1
 16816  1
  4867  1
 20541  1
     0  2
     0  2
     0  2
     0  2
-19627  4
 25757  1
-20639  4
     0  2
     0  2
 19006  1
 -3460  4
     0  2
     0  2
     0  2
-10062  4
-13380  4
  3572  1
 30315  1
 21560  1
     0  2
-30411  4
 20482  1
     0  2
 21571  1
     0  2
 -8800  4
     0  2
 18647  1
 -7213  4
 15073  1
  7207  1
 -4508  4
 11673  1
   556  1
 32012  1
 25853  1
 -2981  4
-11951  4
  1094  1
     0  2
-25568  4
 15143  1
-24309  4
     0  2
     0  2
-27759  4
     0  2
 16451  1
  5976  1
 13729  1
 28494  1
     0  2
     0  2
     0  2
-21746  4
     0  2
 18192  1
 23684  1
     0  2
-18037  4
     0  2
 -1258  4
 -5989  4
     0  2
  9574  1
-20299  4
     0  2
-13379  4
-21696  4
     0  2
     0  2
 -1343  4
-22838  4
-27115  4
 22570  1
  9450  1
     0  2
-23680  4
 11007  1
     0  2
 24348  1
 -2579  4
 14158  1
 -9984  4
     0  2
-18726  4
     0  2
     0  2
  1984  1
-21978  4
     0  2
 -1031  4
-15125  4
 13341  1
     0  2
-12730  4
 26369  1
  1030  1
 -7420  4
 23671  1
     0  2
     0  2
     0  2
  6511  1
 13601  1
     0  2
 28739  1
     0  2
  2707  1
 12055  1
     0  2
     0  2
  4308  1
 11083  1
 21894  1
  2500  1
-27721  4
-26166  4
 11148  1
     0  2
     0  2
 27850  1
 20861  1
 18429  1
-28394  4
-15534  4
 -2053  4
     0  2
-12286  4
 29856  1
 12842  1
  6935  1
 -9047  4
     0  2
 20641  1
-29460  4
     0  2
 19819  1
 32027  1
-26567  4
     0  2
 18594  1
-15901  4
     0  2
  -437  4
  4118  1
     0  2
 12758  1
  4573  1
     0  2
     0  2
     0  2
 22494  1
-11993  4
  3967  1
 -4200  4
 25054  1
 17983  1
     0  2
 -3339  4
     0  2
  7409  1
-10705  4
 15195  1
     0  2
     0  2
     0  2
     0  2
-23035  4
     0  2
     0  2
 -1224  4
 14070  1
 18862  1
  2593  1
-32355  4
     0  2
 32264  1
     0  2
 16917  1
 13849  1
     0  2
     0  2
 -5583  4
     0  2
 16466  1
 -1404  4
-31703  4
     0  2
   -72  4
 20200  1
-12965  4
  8502  1
 -1521  4
 20953  1
-28293  4
-14905  4
-15464  4
  9090  1
     0  2
 -8703  4
 -4294  4
-19573  4
 13549  1
     0  2
 27771  1
-12415  4
     0  2
 -9435  4
-29600  4
 -3546  4
     0  2
     0  2
 -1652  4
 -6570  4
     0  2
     0  2
-27873  4
-18838  4
     0  2
     0  2
     0  2
 17060  1
-22562  4
     0  2
     0  2
     0  2
  2511  1
  3225  1
 20589  1
     0  2
     0  2
 14440  1
 22124  1
-30915  4
     0  2
-31250  4
     0  2
     0  2
 28028  1
-15853  4
  3234  1
     0  2
 -5500  4
 -4370  4
 18812  1
 11434  1
     0  2
     0  2
-18914  4
     0  2
     0  2
     0  2
     0  2
     0  2
     0  2
 -5923  4
-11475  4
     0  2
 17875  1
  1981  1
-16324  4
     0  2
     0  2
-19407  4
 -9583  4
-12028  4
-17015  4
 -7349  4
-15000  4
     0  2
 30159  1
     0  2
-17722  4
     0  2
-27784  4
 -9404  4
 12258  1
     0  2
-25813  4
-10636  4
     0  2
   918  1
  8145  1
     0  2
 28702  1
 21392  1
  8178  1
     0  2
 26888  1
-28528  4
     0  2
 26041  1
-16476  4
     0  2
-25914  4
 13772  1
     0  2
     0  2
-23469  4
-18959  4
     0  2
     0  2
  2380  1
 -9892  4
     0  2
 -2936  4
 12150  1
 -9392  4
     0  2
     0  2
  4904  1
     0  2
   596  1
   658  1
-22307  4
-28018  4
 29022  1
  -283  4
 -8797  4
     0  2
     0  2
-14555  4
 15827  1
 -6093  4
-24829  4
   892  1
 -2434  4
-14777  4
-16439  4
  9445  1
 17957  1
-27936  4
-19625  4
-17529  4
  7120  1
     0  2
 30365  1
 22727  1
-11971  4
     0  2
 -2416  4
 26007  1
-12498  4
     0  2
 23562  1
-16715  4
   536  1
 -9842  4
     0  2
-12866  4
 15415  1
 22758  1
     0  2
-17009  4
 21781  1
-30628  4
-31422  4
-27321  4
     0  2
     0  2
  7603  1
     0  2
     0  2
-23447  4
     0  2
 25257  1
 16853  1
 16124  1
  2392  1
 25964  1
 21805  1
 -8310  4
 28477  1
 19186  1
 18023  1
     0  2
-14237  4
     0  2
-17293  4
-17670  4
  2988  1
 16907  1
     0  2
     0  2
     0  2
     0  2
  5645  1
-24473  4
 14313  1
 30292  1
     0  2
     0  2
     0  2
 -4972  4
     0  2
     0  2
-15627  4
 26825  1
  4049  1
 -8490  4
-27090  4
     0  2
-21616  4
  2870  1
 25381  1
  1996  1
     0  2
     0  2
 24349  1
 22874  1
 23472  1
     0  2
 30780  1
     0  2
     0  2
 20043  1
 10174  1
 -6895  4
     0  2
 20317  1
  1229  1
     0  2
 21566  1
-27278  4
     0  2
 -5928  4
-27878  4
 -5837  4
-18548  4
     0  2
 22226  1
-20408  4
-26078  4
 21130  1
     0  2
     0  2
     0  2
 18537  1
     0  2
     0  2
-19657  4
 -2702  4
 13354  1
 -3058  4
 16020  1
     0  2
     0  2
     0  2
 18736  1
  -813  4
     0  2
 -4282  4
 24154  1
     0  2
-32300  4
 28737  1
 -4027  4
 -7711  4
-12409  4
  9856  1
     0  2
     0  2
-14293  4
     0  2
     0  2
     0  2
-17521  4
 -7385  4
     0  2
-17339  4
 -4570  4
     0  2
     0  2
 28795  1
   382  1
 19643  1
 -2018  4
 -3567  4
  1437  1
 10558  1
-11540  4
-31189  4
-12280  4
-21897  4
     0  2
     0  2
 -9357  4
-11792  4
 13362  1
 -5144  4
 -3198  4
-20847  4
     0  2
     0  2
     0  2
     0  2
  4733  1
 27962  1
 17270  1
     0  2
-27304  4
  4236  1
     0  2
     0  2
-15293  4
-11769  4
  7678  1
 30147  1
 -6473  4
     0  2
     0  2
  6017  1
-12796  4
-11276  4
 10756  1
 -7749  4
     0  2
     0  2
     0  2
     0  2
     0  2
 -2589  4
 15054  1
 -3350  4
     0  2
  4433  1
     0  2
-13550  4
 16433  1
     0  2
     0  2
     0  2
 17960  1
     0  2
     0  2
-28107  4
-23154  4
 24168  1
-22676  4
-29564  4
     0  2
 17935  1
 15453  1
-27268  4
     0  2
 13209  1
-15299  4
 16073  1
     0  2
 15630  1
 22829  1
 26740  1
  3763  1
     0  2
     0  2
 25182  1
-23347  4
     0  2
 28222  1
 32520  1
     0  2
 29219  1
 12715  1
 29911  1
-27218  4
  7468  1
     0  2
 -5831  4
 -5862  4
 -4625  4
 -7393  4
-30246  4
-10178  4
 18091  1
-16730  4
-29718  4
 -9238  4
     0  2
     0  2
 22437  1
     0  2
 17748  1
     0  2
     0  2
 14334  1
  6809  1
  8716  1
 30899  1
     0  2
 15624  1
  8318  1
-12957  4
 16671  1
-31990  4
 27055  1
     0  2
-19317  4
-23429  4
 14302  1
     0  2
-29982  4
-30815  4
-21132  4
     0  2
-20834  4
 30028  1
 15036  1
 18223  1
  6989  1
 16599  1
 -8193  4
 30453  1
     0  2
 24410  1
 22455  1
 13109  1
-32558  4
     0  2
     0  2
-14797  4
-20150  4
  8715  1
-29043  4
     0  2
     0  2
  1069  1
     0  2
     0  2
 -8108  4
-30187  4
 30817  1
     0  2
-28435  4
   -27  4
     0  2
-18902  4
 27345  1
 16339  1
 22888  1
     0  2
-22622  4
 -8126  4
     0  2
     0  2
     0  2
     0  2
     0  2
-20943  4
-15302  4
     0  2
 18131  1
     0  2
 28890  1
  8742  1
     0  2
     0  2
-26428  4
     0  2
     0  2
     0  2
     0  2
 24961  1
     0  2
-21165  4
     0  2
-16366  4
  1910  1
 23268  1
     0  2
     0  2
 17058  1
  1117  1
-14365  4
  9094  1
-28965  4
-27657  4
-23108  4
-26920  4
 -4454  4
     0  2
 13890  1
 20970  1
-18951  4
 25443  1
     0  2
-25431  4
 31048  1
 -5300  4
  4850  1
 -8575  4
 23699  1
 -8568  4
-13196  4
-12150  4
-27393  4
     0  2
  9884  1
-11591  4
 -8903  4
-28352  4
     0  2
  4552  1
 -8235  4
-13799  4
     0  2
-20137  4
 13129  1
     0  2
 20981  1
 -6034  4
  4739  1
 -1403  4
 30839  1
-21458  4
 30573  1
  8762  1
 -2527  4
     0  2
     0  2
-18028  4
     0  2
 -1335  4
  5740  1
     0  2
 -2031  4
-15747  4
-20083  4
  2195  1
     0  2
     0  2
  6868  1
 30374  1
  7588  1
 16966  1
-26722  4
  7225  1
 -6471  4
 25078  1
 -7985  4
 13343  1
 14643  1
-30909  4
     0  2
     0  2
 21431  1
 20391  1
 12197  1
     0  2
  2459  1
     0  2
     0  2
  3836  1
     0  2
     0  2
 -5653  4
 -7642  4
     0  2
-11206  4
     0  2
     0  2
     0  2
-19414  4
 17145  1
-24273  4
-20221  4
-27030  4
 -6217  4
     0  2
-24551  4
     0  2
-31329  4
     0  2
 -5979  4
     0  2
 14238  1
-17421  4
-22382  4
 21244  1
     0  2
 -7163  4
-17475  4
     0  2
  6451  1
 11208  1
     0  2
 27763  1
 24707  1
 -5690  4
 20667  1
 -1643  4
-11722  4
-10038  4
     0  2
 30606  1
 30133  1
-27264  4
-25354  4
-16185  4
-32312  4
-28589  4
     0  2
     0  2
     0  2
 -5160  4
-11091  4
  7456  1
 27297  1
 22754  1
-30547  4
 14849  1
-30496  4
 22719  1
     0  2
     0  2
  9469  1
     0  2
     0  2
     0  2
     0  2
   -48  4
  9185  1
     0  2
     0  2
  1825  1
 24159  1
 19314  1
-29658  4
  6528  1
-25520  4
 -6519  4
-25417  4
 25307  1
 31054  1
 23696  1
     0  2
 17807  1
 11404  1
     0  2
  4491  1
     0  2
-19401  4
     0  2
     0  2
-14857  4
-12681  4
 22440  1
 25269  1
 -6898  4
-27115  4
 11431  1
 30820  1
-23163  4
   856  1
     0  2
 16096  1
-23943  4
-13069  4
     0  2
     0  2
 -8028  4
-28519  4
     0  2
  7645  1
     0  2
-28189  4
-29805  4
 25491  1
     0  2
     0  2
     0  2
 -4877  4
     0  2
 15987  1
     0  2
 15117  1
 24013  1
 31941  1
     0  2
-22396  4
-17703  4
     0  2
     0  2
 -5853  4
     0  2
-29634  4
-26009  4
     0  2
  -551  4
 26450  1
 -4366  4
     0  2
 26393  1
 15419  1
     0  2
 31490  1
  1769  1
 31903  1
     0  2
 24055  1
-27515  4
-30390  4
     0  2
  3745  1
     0  2
  6977  1
     0  2
 24763  1
     0  2
-31461  4
     0  2
     0  2
  7848  1
 18888  1
 22247  1
 -7909  4
 22527  1
 31930  1
 -4938  4
 31049  1
-12002  4
 -9151  4
-28882  4
-15861  4
 32231  1
-27847  4
     0  2
 19837  1
-24759  4
  5714  1
-21118  4
-19329  4
 31829  1
  -462  4
-25938  4
-13182  4
     0  2
 23460  1
     0  2
-25918  4
-15215  4
     0  2
  4552  1
-14012  4
  8825  1
 -4501  4
     0  2
 12922  1
-17404  4
 10649  1
     0  2
-11857  4
  -750  4
-32681  4
 26555  1
-21658  4
  6282  1
     0  2
  3316  1
     0  2
 19001  1
     0  2
-27720  4
-30513  4
     0  2
  9436  1
     0  2
 25075  1
     0  2
-14978  4
     0  2
     0  2
 19154  1
  3275  1
  4296  1
     0  2
  7050  1
 22688  1
-14033  4
 -1414  4
-24172  4
 15004  1
-10375  4
     0  2
     0  2
-14992  4
-20583  4
     0  2
-30863  4
 22552  1
  6419  1
 -1526  4
     0  2
 18552  1
 -2639  4
     0  2
-10612  4
     0  2
     0  2
 26401  1
     0  2
 -1153  4
     0  2
     0  2
 25143  1
-13193  4
-10108  4
     0  2
  3599  1
-18181  4
  4900  1
     0  2
-12525  4
 16379  1
     0  2
-14897  4
-20739  4
     0  2
-24476  4
 -3776  4
 -9969  4
-17618  4
 22970  1
-13673  4
     0  2
  6546  1
  6419  1
 16404  1
     0  2
-26634  4
 30603  1
     0  2
 17715  1
     0  2
-28646  4
     0  2
 14413  1
 24414  1
     0  2
     0  2
-11052  4
 -5090  4
     0  2
     0  2
 30539  1
 -2251  4
 15723  1
-18948  4
 18645  1
  3412  1
  -596  4
 13840  1
     0  2
-11517  4
 -2564  4
-21377  4
-30292  4
 16630  1
-18092  4
     0  2
 -4112  4
 31132  1
 14260  1
 14212  1
     0  2
     0  2
 28110  1
     0  2
     0  2
     0  2
 30522  1
-22868  4
     0  2
     0  2
-15889  4
-17214  4
-16107  4
     0  2
     0  2
  5947  1
     0  2
-25996  4
     0  2
-14951  4
     0  2
 -1382  4
-13691  4
-15728  4
 22024  1
  8792  1
   587  1
 17168  1
 24143  1
 27457  1
 -8526  4
  6314  1
     0  2
 20413  1
-23513  4
  4685  1
 27002  1
-32040  4
 32521  1
  6017  1
 -6906  4
-25051  4
 11896  1
-12564  4
-15672  4
 14443  1
-14266  4
-12821  4
-27426  4
-13481  4
 11602  1
 -7717  4
 28366  1
  2590  1
  4813  1
     0  2
-12622  4
 10187  1
-11519  4
-22938  4
 19431  1
-25813  4
     0  2
 26821  1
 26590  1
 -2917  4
-29223  4
-18999  4
-16143  4
     0  2
     0  2
     0  2
 -2531  4
-25676  4
-28273  4
 -9673  4
 26326  1
-16853  4
 22351  1
-22284  4
 15871  1
     0  2
 -6661  4
 30083  1
-16001  4
     0  2
     0  2
     0  2
 16330  1
     0  2
 26560  1
 18855  1
     0  2
 17025  1
 -9481  4
 -9825  4
 -4802  4
 10302  1
-23548  4
 -4373  4
 21430  1
 12622  1
     0  2
-12431  4
 23937  1
-32315  4
  -966  4
 -6430  4
     0  2
     0  2
     0  2
     0  2
 15392  1
 13583  1
-11957  4
-23820  4
     0  2
 20536  1
 13813  1
 13302  1
-20222  4
 23039  1
-19661  4
-21598  4
     0  2
     0  2
  5335  1
-15143  4
     0  2
 -1826  4
 20378  1
-20300  4
-29005  4
     0  2
-13844  4
     0  2
     0  2
  8715  1
-27677  4
     0  2
-21986  4
 26037  1
 23175  1
     0  2
     0  2
  -753  4
-30677  4
-30672  4
 -7178  4
     0  2
     0  2
  7718  1
 29047  1
     0  2
     0  2
 20893  1
     0  2
-16341  4
-16487  4
-13747  4
-16688  4
 31657  1
     0  2
-22082  4
 27092  1
  2029  1
     0  2
  5017  1
     0  2
 13432  1
 -2358  4
-20465  4
  9282  1
 32627  1
  8345  1
     0  2
 16848  1
     0  2
     0  2
 22296  1
 16457  1
 29072  1
 17226  1
  6060  1
     0  2
 -6619  4
-29253  4
     0  2
 31117  1
     0  2
     0  2
  -249  4
 24465  1
     0  2
-20039  4
  7105  1
 26752  1
 -8376  4
     0  2
     0  2
     0  2
     0  2
     0  2
     0  2
     0  2
     0  2
-24192  4
     0  2
 27088  1
 -3861  4
 -2296  4
-10866  4
 -7613  4
     0  2
     0  2
 12599  1
     0  2
  9567  1
     0  2
     0  2
  4716  1
     0  2
-30968  4
     0  2
 19043  1
  1106  1
     0  2
 25533  1
-30545  4
-29059  4
 26846  1
     0  2
-13154  4
 31933  1
 20857  1
     0  2
     0  2
     0  2
  7238  1
-26386  4
  9696  1
     0  2
     0  2
     0  2
     0  2
     0  2
     0  2
 10194  1
-16386  4
     0  2
 11166  1
     0  2
     0  2
     0  2
-27563  4
-23171  4
  3028  1
     0  2
 12468  1
     0  2
     0  2
     0  2
     0  2
 18017  1
 22288  1
-16336  4
-23512  4
 23100  1
  -253  4
-29952  4
-18436  4
     0  2
     0  2
  1157  1
-24735  4
 -5354  4
  9854  1
-16296  4
     0  2
     0  2
  3088  1
     0  2
     0  2
     0  2
-26322  4
 28694  1
-24596  4
  2693  1
  4711  1
-12963  4
-15809  4
 21972  1
 23680  1
     0  2
-31036  4
     0  2
 -7767  4
     0  2
 16895  1
     0  2
 -2829  4
     0  2
 -6507  4
     0  2
     0  2
-18355  4
     0  2
     0  2
     0  2
     0  2
  7691  1
  7448  1
-25206  4
 -2128  4
 16202  1
-19230  4
-14488  4
-23826  4
 10131  1
     0  2
     0  2
 -1653  4
-23665  4
     7  1
     0  2
 14516  1
-20099  4
 19797  1
-28280  4
 16815  1
-15825  4
 24905  1
-26414  4
     0  2
     0  2
 32519  1
     0  2
  7608  1
  7054  1
  3982  1
     0  2
     0  2
  1010  1
     0  2
 30266  1
  9885  1
     0  2
     0  2
  3297  1
-26567  4
-19005  4
 20910  1
 13729  1
-31166  4
 30824  1
     0  2
 -9757  4
 21879  1
-17751  4
     0  2
 31129  1
 -2405  4
-16212  4
     0  2
     0  2
     0  2
-24839  4
 17551  1
 23563  1
-29035  4
     0  2
     0  2
 20151  1
     0  2
     0  2
-14249  4
-13307  4
     0  2
     0  2
  3050  1
     0  2
     0  2
-32628  4
 -4621  4
-28712  4
     0  2
-14209  4
 15138  1
     0  2
-31440  4
 -2096  4
 -5412  4
     0  2
     0  2
  5307  1
  1735  1
  5072  1
 31101  1
     0  2
 22684  1
     0  2
 28167  1
 -7095  4
     0  2
 32149  1
-19882  4
 21900  1
 30625  1
 17947  1
 20867  1
 19089  1
-22216  4
 27721  1
  7353  1
     0  2
 -5066  4
  -397  4
     0  2
-15097  4
-21670  4
 -1975  4
     0  2
 30337  1
-11893  4
     0  2
-27819  4
-32097  4
-11418  4
  5728  1
 12922  1
     0  2
     0  2
-20605  4
     0  2
 -6491  4
 28600  1
 28096  1
 11567  1
 15828  1
     0  2
-21774  4
-30177  4
-24760  4
 15966  1
 16935  1
     0  2
 20940  1
-14394  4
-19279  4
 27156  1
-21757  4
 -6263  4
     0  2
-30820  4
-11392  4
     0  2
  2041  1
-23871  4
 29767  1
-23797  4
-27421  4
 -2010  4
     0  2
 17862  1
     0  2
 18572  1
     0  2
 15726  1
  2366  1
  -577  4
-11187  4
 17360  1
-27641  4
     0  2
     0  2
  5329  1
 26009  1
 -4949  4
 28375  1
-20244  4
     0  2
-19703  4
 26488  1
  1152  1
-31917  4
 12981  1
     0  2
   827  1
 25426  1
-19770  4
-23681  4
 12400  1
 15121  1
-16172  4
     0  2
 32380  1
     0  2
     0  2
-25482  4
-17233  4
  2600  1
 25593  1
     0  2
  4171  1
 21271  1
     0  2
-24363  4
     0  2
  1019  1
-30387  4
 27038  1
-30848  4
-30691  4
-22131  4
     0  2
 20987  1
     0  2
     0  2
     0  2
 20791  1
     0  2
     0  2
     0  2
 -2452  4
 17956  1
-27216  4
  6313  1
 -4041  4
 27943  1
     0  2
-26649  4
 12234  1
 21421  1
 -6812  4
     0  2
 29996  1
     0  2
     0  2
-18759  4
 17392  1
 27345  1
     0  2
  7235  1
     0  2
     0  2
 -4013  4
 28253  1
-13679  4
-19274  4
  8315  1
   811  1
  7774  1
 17588  1
     0  2
 22741  1
 30506  1
     0  2
     0  2
     0  2
-26670  4
-32357  4
     0  2
   121  1
 18947  1
-27493  4
-14171  4
 28973  1
     0  2
 27309  1
     0  2
     0  2
 -4508  4
 31514  1
 30622  1
  3935  1
 25500  1
     0  2
 11417  1
     0  2
     0  2
     0  2
 27261  1
  4043  1
 23102  1
-26786  4
     0  2
     0  2
 12106  1
-26413  4
-31366  4
-18198  4
 -7767  4
 -7735  4
-17571  4
  2989  1
  3802  1
-16457  4
     0  2
-21664  4
 19609  1
  3771  1
-27784  4
     0  2
 23494  1
  5872  1
     0  2
     0  2
  9998  1
 17587  1
     0  2
     0  2
 19018  1
-13495  4
     0  2
-10164  4
  8220  1
  9384  1
 25090  1
 31077  1
  4695  1
 22492  1
-28773  4
     0  2
     0  2
     0  2
     0  2
 13366  1
     0  2
 15492  1
 -9236  4
 21480  1
-12921  4
 21752  1
 -9914  4
 26401  1
     0  2
     0  2
-12002  4
 26044  1
     0  2
-15692  4
  4789  1
     0  2
 21929  1
 10026  1
 26561  1
-15226  4
     0  2
 15392  1
 13706  1
  8128  1
     0  2
 -4738  4
     0  2
     0  2
 31063  1
 20485  1
     0  2
     0  2
     0  2
     0  2
     0  2
     0  2
-21773  4
 32551  1
  -380  4
     0  2
 22349  1
 -6901  4
     0  2
     0  2
-32589  4
     0  2
-21325  4
  -561  4
  2863  1
-26225  4
-28153  4
     0  2
 -8023  4
 17172  1
  3802  1
-28942  4
 24129  1
-13345  4
-18831  4
     0  2
-17949  4
 30559  1
 12425  1
  8852  1
     0  2
 -2589  4
 -5660  4
     0  2
 -6743  4
 28195  1
 18843  1
-17299  4
     0  2
-11523  4
 23663  1
 17470  1
 13790  1
     0  2
-27324  4
 17130  1
-26556  4
     0  2
     0  2
-21692  4
 11209  1
     0  2
     0  2
 -6258  4
 25751  1
 23020  1
     0  2
 18874  1
-23975  4
-28002  4
     0  2
-13755  4
-32260  4
  3486  1
-22331  4
 -4338  4
  2876  1
  1537  1
     0  2
 28701  1
  -781  4
 16367  1
-24703  4
     0  2
 16972  1
  3820  1
 14681  1
     0  2
     0  2
 24982  1
  5709  1
 -6393  4
     0  2
 -5750  4
     0  2
 -4343  4
     0  2
 17557  1
     0  2
  6085  1
     0  2
 32399  1
-12978  4
     0  2
 -8783  4
-16787  4
-26496  4
     0  2
     0  2
  9137  1
 21208  1
  3675  1
-26872  4
     0  2
-20810  4
  4921  1
     0  2
-22746  4
-13647  4
 29384  1
     0  2
 28133  1
     0  2
 10482  1
 19796  1
     0  2
 12406  1
-26062  4
     0  2
     0  2
     0  2
     0  2
 -7220  4
-30314  4
-14417  4
 15616  1
 23621  1
 -5735  4
 10235  1
 10229  1
   419  1
 11473  1
-19970  4
     0  2
     0  2
 -7882  4
 22931  1
     0  2
     0  2
  9842  1
 12872  1
     0  2
-13676  4
 23070  1
     0  2
 10341  1
 12438  1
 31739  1
-21115  4
 12721  1
     0  2
     0  2
     0  2
-30532  4
-11171  4
-15949  4
     0  2
     0  2
-29583  4
     0  2
     0  2
-30936  4
     0  2
 23626  1
     0  2
 27334  1
 -9236  4
     0  2
-12863  4
     0  2
 -4983  4
 31411  1
  5252  1
 -5698  4
 29096  1
     0  2
     0  2
 22100  1
     0  2
  6012  1
 -7881  4
  3446  1
     0  2
     0  2
     0  2
     0  2
     0  2
     0  2
 24553  1
     0  2
     0  2
 -3881  4
-15240  4
     0  2
 29495  1
 27787  1
 12260  1
 31577  1
     0  2
 29691  1
  1496  1
     0  2
 14532  1
  5106  1
 11020  1
-23554  4
 10151  1
 -3859  4
     0  2
 25984  1
-18924  4
 10749  1
     0  2
  5830  1
 14538  1
 18324  1
  9194  1
     0  2
 -3482  4
 24880  1
 31253  1
  7338  1
     0  2
 14329  1
 27939  1
-13766  4
-13002  4
-21404  4
 15477  1
 -9112  4
     0  2
-17923  4
 -5557  4
  2196  1
     0  2
  4583  1
     0  2
-31210  4
     0  2
     0  2
 18227  1
     0  2
 13588  1
     0  2
-26804  4
     0  2
     0  2
     0  2
 31183  1
 13696  1
     0  2
  9150  1
     0  2
     0  2
     0  2
 17045  1
  2247  1
-14776  4
-18271  4
  4288  1
     0  2
-10265  4
     0  2
 -9498  4
-18496  4
-15795  4
 21707  1
     0  2
     0  2
 23907  1
     0  2
 11700  1
 12810  1
-15426  4
     0  2
   951  1
 23479  1
  7310  1
 21793  1
-13652  4
     0  2
     0  2
     0  2
 30696  1
 16584  1
     0  2
 20222  1
  8274  1
  7680  1
     0  2
     0  2
     0  2
     0  2
     0  2
 24007  1
-14141  4
-24473  4
-19709  4
     0  2
-18016  4
 30739  1
     0  2
-13612  4
     0  2
  9257  1
 -1549  4
     0  2
  1657  1
 -5480  4
-25055  4
     0  2
     0  2
  8295  1
 -2407  4
  9983  1
  2895  1
 12324  1
     0  2
 12727  1
 -7030  4
 26039  1
-19784  4
 17296  1
  4429  1
     0  2
     0  2
 14097  1
 14384  1
     0  2
-29429  4
 -6163  4
-15012  4
     0  2
 15868  1
  1548  1
 -7472  4
-14963  4
-32671  4
 -6168  4
     0  2
-21790  4
     0  2
     0  2
-23242  4
 30216  1
 -4542  4
 -7981  4
     0  2
     0  2
 12950  1
 30355  1
  9628  1
 19586  1
     0  2
 13276  1
     0  2
 -7453  4
     0  2
     0  2
   275  1
 -8443  4
     0  2
 16046  1
     0  2
     0  2
   900  1
-32104  4
     0  2
     0  2
-20793  4
     0  2
  4853  1
-24809  4
     0  2
     0  2
-27740  4
     0  2
-21017  4
 24273  1
    16  1
-31668  4
 14843  1
  7925  1
  3956  1
-27811  4
     0  2
-31880  4
     0  2
     0  2
     0  2
     0  2
 31491  1
-14179  4
   329  1
-31942  4
     0  2
     0  2
 -6101  4
  5710  1
     0  2
 27977  1
-12426  4
  9688  1
-23643  4
-13165  4
 15975  1
-24583  4
  -242  4
     0  2
  6397  1
     0  2
     0  2
     0  2
     0  2
 30057  1
-27951  4
  5235  1
-12788  4
 13785  1
-27872  4
-23276  4
     0  2
-17122  4
     0  2
 -2781  4
 -2918  4
-24524  4
-28638  4
  7667  1
 -6136  4
-23843  4
-15012  4
     0  2
 -2607  4
     0  2
 28237  1
 12763  1
-22862  4
  -297  4
 28840  1
     0  2
 31043  1
 26394  1
 18160  1
-15888  4
     0  2
  2838  1
     0  2
-30996  4
     0  2
     0  2
     0  2
  7907  1
     0  2
 17818  1
 17091  1
     0  2
  3629  1
-15405  4
 -4744  4
     0  2
-29256  4
 31604  1
 10831  1
 -9031  4
-23891  4
 23958  1
 12236  1
     0  2
 17474  1
  9789  1
 -3272  4
     0  2
     0  2
 22552  1
-23130  4
-15282  4
     0  2
 11020  1
-31996  4
 20290  1
     0  2
 -1131  4
     0  2
     0  2
-30519  4
 -6028  4
-20832  4
 19519  1
 -1794  4
     0  2
  7755  1
     0  2
     0  2
     0  2
-17028  4
  8946  1
 22141  1
-24827  4
     0  2
     0  2
 18861  1
-28586  4
-21176  4
     0  2
-24828  4
     0  2
 -3338  4
-21616  4
-10702  4
  -460  4
 -8144  4
     0  2
  1785  1
-11634  4
 -6321  4
-15095  4
     0  2
-32695  4
-30658  4
 28666  1
     0  2
 -9863  4
     0  2
 28181  1
-32305  4
-15017  4
-14827  4
     0  2
 27799  1
-11546  4
 28731  1
     0  2
 28717  1
     0  2
     0  2
-12035  4
-29196  4
-20781  4
  4037  1
-11480  4
-23179  4
-20369  4
     0  2
  9731  1
     0  2
  3696  1
  5575  1
 28961  1
     0  2
 26575  1
-15914  4
 10610  1
     0  2
     0  2
  4347  1
 -6390  4
     0  2
 26368  1
     0  2
 16626  1
  6386  1
  4692  1
 27067  1
 12541  1
 -7049  4
-12670  4
-18758  4
 18477  1
     0  2
 16076  1
-13374  4
 18584  1
     0  2
 25717  1
 -8102  4
-12361  4
     0  2
-25427  4
-30821  4
 32090  1
 -3080  4
 20062  1
     0  2
  3399  1
-29112  4
 24209  1
  1022  1
 -5509  4
     0  2
     0  2
     0  2
     0  2
 18693  1
 -3406  4
     0  2
 -8352  4
  -279  4
 15906  1
 -6167  4
     0  2
  2698  1
-13196  4
   519  1
 -6934  4
     0  2
     0  2
     0  2
-30245  4
     0  2
 28702  1
     0  2
     0  2
     0  2
 -2031  4
     0  2
     0  2
 24797  1
-13752  4
     0  2
-22760  4
     0  2
 -9458  4
 10629  1
-10284  4
-31188  4
     0  2
   101  1
 14588  1
 16609  1
     0  2
 -5153  4
   790  1
 -5634  4
  3547  1
     0  2
 13570  1
  8780  1
 28465  1
 12391  1
 -8171  4
-19522  4
-30375  4
     0  2
     0  2
 -4174  4
   264  1
-13318  4
     0  2
 -9578  4
     0  2
     0  2
-13741  4
     0  2
     0  2
   653  1
     0  2
     0  2
 31808  1
     0  2
     0  2
-24207  4
 31123  1
 30238  1
     0  2
 12039  1
  1022  1
  4148  1
-16690  4
     0  2
     0  2
 -6105  4
     0  2
-17118  4
     0  2
-28678  4
 13908  1
 -9226  4
     0  2
     0  2
     0  2
  3433  1
 13996  1
 21110  1
     0  2
     0  2
-13873  4
-18844  4
 29677  1
 25949  1
-15914  4
-19685  4
-24374  4
     0  2
 20121  1
     0  2
     0  2
 15812  1
-19054  4
 23357  1
 15489  1
 -4751  4
-20939  4
     0  2
 -2318  4
  7484  1
     0  2
 -7167  4
-11659  4
-15931  4
  7115  1
 13971  1
     0  2
  9166  1
-32065  4
 -6206  4
 14247  1
  8191  1
     0  2
 -1962  4
 14976  1
 -8418  4
 12715  1
 21457  1
  1246  1
-16999  4
     0  2
-10138  4
     0  2
-26830  4
     0  2
-16799  4
 13679  1
 -2081  4
     0  2
 12474  1
     0  2
 31567  1
-31984  4
     0  2
 18262  1
     0  2
 10850  1
 -2766  4
     0  2
 30803  1
 19537  1
 -5657  4
     0  2
     0  2
-21283  4
 25514  1
  6245  1
  2877  1
-25699  4
   179  1
 -6482  4
     0  2
-20487  4
  5585  1
     0  2
 11249  1
     0  2
 -9198  4
 20933  1
     0  2
 -4646  4
     0  2
     0  2
     0  2
     0  2
 31546  1
     0  2
 30790  1
  2352  1
 19715  1
     0  2
  8859  1
-20992  4
     0  2
-27947  4
     0  2
 23130  1
-16254  4
     0  2
 16041  1
 23494  1
     0  2
-17360  4
     0  2
 23839  1
 12875  1
     0  2
     0  2
 23496  1
     0  2
     0  2
     0  2
-29478  4
     0  2
-12385  4
     0  2
-26179  4
 20525  1
  7891  1
-12570  4
     0  2
  3356  1
  5627  1
     0  2
-11497  4
 25172  1
 30137  1
-21761  4
     0  2
     0  2
     0  2
 29380  1
   283  1
  5763  1
     0  2
-17420  4
-10379  4
-28009  4
     0  2
     0  2
 19389  1
     0  2
 -4462  4
     0  2
     0  2
  6608  1
  5384  1
     0  2
-24199  4
     0  2
 26213  1
  4391  1
 -7021  4
 22955  1
 23377  1
 -7884  4
-28121  4
     0  2
  3019  1
 16318  1
-27356  4
  6114  1
 -4853  4
 -2468  4
     0  2
-14961  4
-10074  4
-23856  4
 -6920  4
-24878  4
     0  2
     0  2
     0  2
     0  2
 -4540  4
-10128  4
     0  2
-29942  4
-11468  4
     0  2
 27869  1
-27436  4
-17543  4
     0  2
     0  2
     0  2
     0  2
-32338  4
 -3116  4
   320  1
     0  2
 17189  1
  7590  1
     0  2
  6906  1
-22423  4
 -5718  4
     0  2
  8238  1
 32602  1
     0  2
 -7531  4
 27137  1
-32357  4
-13569  4
     0  2
  7614  1
 -2696  4
-21457  4
     0  2
     0  2
     0  2
-27825  4
 -6408  4
 15330  1
     0  2
 24998  1
     0  2
-20998  4
     0  2
  9107  1
 23054  1
     0  2
-17317  4
     0  2
-27683  4
     0  2
     0  2
     0  2
     0  2
     0  2
     0  2
 31840  1
-19339  4
 -5469  4
 20727  1
     0  2
 25153  1
     0  2
 18562  1
-28523  4
     0  2
     0  2
 23064  1
-22055  4
 22663  1
-24974  4
-30442  4
-18739  4
 24553  1
 -2883  4
     0  2
  7427  1
 -7365  4
     0  2
 14446  1
  9293  1
 -3487  4
 23913  1
   735  1
     0  2
 -2219  4
 11415  1
  6704  1
  1487  1
 23022  1
-29946  4
     0  2
     0  2
     0  2
-25403  4
-20575  4
-29999  4
 -2810  4
     0  2
 -3687  4
 10457  1
 31109  1
 -8864  4
-29855  4
  4694  1
     0  2
  8824  1
     0  2
     0  2
 -7256  4
 -4256  4
     0  2
  -244  4
     0  2
  -241  4
 24097  1
 11500  1
-27644  4
     0  2
 14022  1
-27624  4
 17675  1
 31613  1
-23548  4
 -5010  4
     0  2
     0  2
 -3375  4
     0  2
 16456  1
     0  2
     0  2
 27802  1
 13493  1
 -7698  4
     0  2
     0  2
 12745  1
-14812  4
 -1762  4
 10893  1
 12774  1
 24852  1
 21757  1
     0  2
  4031  1
     0  2
     0  2
     0  2
 19245  1
     0  2
-12224  4
-13593  4
-22436  4
 -9542  4
 28458  1
 29234  1
-13586  4
  -137  4
 24673  1
     0  2
-31274  4
-16458  4
-18682  4
 -8437  4
  9004  1
-17052  4
 17250  1
  9346  1
-12333  4
-24769  4
-22560  4
-28824  4
 29849  1
-17550  4
-15483  4
  9160  1
-26897  4
-13615  4
 31555  1
-15171  4
     0  2
     0  2
 26724  1
-19714  4
     0  2
-14813  4
-21885  4
 21647  1
 28477  1
     0  2
-25200  4
  1320  1
     5  1
     0  2
-15016  4
 -5862  4
     0  2
     0  2
-13221  4
 31790  1
     0  2
 -6067  4
     0  2
     0  2
-29424  4
-23753  4
-20233  4
     0  2
     0  2
  3030  1
-20258  4
 -3930  4
 -2122  4
     0  2
-14441  4
 16598  1
-14937  4
     0  2
     0  2
  9211  1
     0  2
     0  2
     0  2
     0  2
-29249  4
 -5167  4
-13383  4
-30020  4
  8088  1
  -456  4
     0  2
     0  2
 -9356  4
     0  2
-10826  4
     0  2
     0  2
 14089  1
-26462  4
 31532  1
-12121  4
-29604  4
 20748  1
     0  2
-10958  4
 16221  1
  8961  1
  3432  1
 28977  1
-17426  4
     0  2
 25695  1
-24488  4
-23697  4
     0  2
 -3301  4
     0  2
 18355  1
  6069  1
     0  2
-18323  4
     0  2
 -2650  4
   170  1
-19581  4
     0  2
-30042  4
     0  2
     0  2
 -6702  4
     0  2
-19172  4
     0  2
     0  2
     0  2
 25945  1
 21195  1
 -9284  4
     0  2
     0  2
 30399  1
     0  2
     0  2
  8971  1
  1043  1
  9674  1
     0  2
-20407  4
 24257  1
 18765  1
     0  2
     0  2
 -2052  4
     0  2
-25447  4
-19569  4
  4341  1
 14488  1
     0  2
     0  2
     0  2
-13897  4
-26527  4
 15616  1
     0  2
 28460  1
     0  2
-18195  4
 20474  1
-10106  4
     0  2
-29512  4
     0  2
     0  2
  3536  1
 22572  1
     0  2
   631  1
 28054  1
 31810  1
     0  2
     0  2
     0  2
 11525  1
 -7133  4
 -4819  4
 -7936  4
     0  2
     0  2
     0  2
     0  2
 -5803  4
     0  2
  1203  1
 -9212  4
 15646  1
  5862  1
     0  2
  9657  1
-19236  4
 29666  1
-30051  4
-17695  4
     0  2
 11838  1
     0  2
  1147  1
     0  2
 15121  1
  7329  1
     0  2
     0  2
 21019  1
 24251  1
-25590  4
