bf37 4 4
0000 2 2
20be 1 1
0000 2 2
094c 1 1
3992 1 1
0000 2 2
0000 2 2
6fb9 1 1
0000 2 2
0000 2 2
c375 4 4
d0ce 4 4
0000 2 2
0000 2 2
0000 2 2
50db 1 1
132a 1 1
c67c 4 4
82b7 4 4
08f4 1 1
d649 4 4
954d 4 4
0000 2 2
e1c2 4 4
0000 2 2
7ec7 1 1
0000 2 2
0c16 1 1
57ec 1 1
dd3f 4 4
983c 4 4
6ffa 1 1
0000 2 2
560d 1 1
c555 4 4
0000 2 2
1bee 1 1
0000 2 2
0000 2 2
2098 1 1
9f05 4 4
c754 4 4
0000 2 2
872a 4 4
e970 4 4
97cd 4 4
0000 2 2
0000 2 2
158e 1 1
3180 1 1
0000 2 2
0000 2 2
0000 2 2
0000 2 2
0000 2 2
0000 2 2
69d1 1 1
c1a2 4 4
0000 2 2
0000 2 2
f301 4 4
7832 1 1
0000 2 2
a4af 4 4
0000 2 2
2227 1 1
3880 1 1
e7db 4 4
0000 2 2
d8f5 4 4
48e3 1 1
0000 2 2
0000 2 2
0000 2 2
0000 2 2
0000 2 2
1828 1 1
f821 4 4
0000 2 2
e34d 4 4
88e7 4 4
cffc 4 4
8017 4 4
40db 1 1
0000 2 2
77d4 1 1
0000 2 2
0000 2 2
88fe 4 4
b2f4 4 4
bae3 4 4
0000 2 2
21dd 1 1
bfa4 4 4
d4ff 4 4
0000 2 2
617c 1 1
0000 2 2
a882 4 4
5282 1 1
ddd0 4 4
0000 2 2
0000 2 2
e357 4 4
46de 1 1
0000 2 2
0000 2 2
040a 1 1
eded 4 4
0000 2 2
0000 2 2
c343 4 4
a141 4 4
8df7 4 4
76d9 1 1
b628 4 4
0000 2 2
0000 2 2
0000 2 2
e168 4 4
9b3a 4 4
0000 2 2
2f2f 1 1
3667 1 1
0000 2 2
f1e2 4 4
9712 4 4
ac01 4 4
8465 4 4
7441 1 1
da7d 4 4
5412 1 1
5a03 1 1
e812 4 4
0000 2 2
0000 2 2
0000 2 2
0000 2 2
dd90 4 4
98c4 4 4
ed24 4 4
8d2c 4 4
7733 1 1
9170 4 4
ce20 4 4
a29b 4 4
0000 2 2
132f 1 1
f31c 4 4
0000 2 2
0000 2 2
439b 1 1
cbda 4 4
c57d 4 4
c829 4 4
4bf4 1 1
410a 1 1
bc47 4 4
7e93 1 1
dbb8 4 4
9f98 4 4
0000 2 2
0000 2 2
0000 2 2
0000 2 2
0000 2 2
77cf 1 1
0000 2 2
c099 4 4
c830 4 4
673b 1 1
27cb 1 1
f15f 4 4
91d4 4 4
0000 2 2
0000 2 2
313b 1 1
3615 1 1
0000 2 2
61b7 1 1
0000 2 2
87c0 4 4
0000 2 2
3cef 1 1
e353 4 4
7cae 1 1
b8d8 4 4
b1f4 4 4
0000 2 2
bf22 4 4
f412 4 4
4776 1 1
872b 4 4
c876 4 4
0000 2 2
0000 2 2
917b 4 4
0986 1 1
5beb 1 1
df68 4 4
0000 2 2
19ed 1 1
0000 2 2
dd23 4 4
0000 2 2
d92f 4 4
0000 2 2
0000 2 2
6a0d 1 1
0000 2 2
acfc 4 4
517d 1 1
0000 2 2
c664 4 4
0000 2 2
0000 2 2
061a 1 1
8e3d 4 4
03e7 1 1
2744 1 1
0000 2 2
0000 2 2
25de 1 1
0000 2 2
7ac7 1 1
1655 1 1
8613 4 4
9105 4 4
ba65 4 4
0000 2 2
0000 2 2
3cef 1 1
67f9 1 1
0000 2 2
d9f6 4 4
da3b 4 4
0000 2 2
7fe0 1 1
0000 2 2
83e4 4 4
ce28 4 4
0000 2 2
ccef 4 4
b312 4 4
b9eb 4 4
0000 2 2
0000 2 2
3889 1 1
e2ce 4 4
f03e 4 4
61cd 1 1
bde2 4 4
b49d 4 4
44ef 1 1
303d 1 1
94a3 4 4
dd17 4 4
3d0e 1 1
94a9 4 4
79d1 1 1
bb12 4 4
9b31 4 4
f915 4 4
3c46 1 1
0000 2 2
0000 2 2
0844 1 1
5543 1 1
0000 2 2
d6b9 4 4
0000 2 2
f46a 4 4
0000 2 2
63c5 1 1
dabf 4 4
f38c 4 4
0000 2 2
8fe0 4 4
302d 1 1
be77 4 4
0d51 1 1
0000 2 2
59f2 1 1
c7ff 4 4
0000 2 2
adaa 4 4
ec5d 4 4
2be8 1 1
0000 2 2
ef82 4 4
ebf8 4 4
0000 2 2
1f40 1 1
0000 2 2
ab84 4 4
7af7 1 1
0f48 1 1
0000 2 2
8f4d 4 4
a4bb 4 4
e484 4 4
0000 2 2
bbee 4 4
829e 4 4
cf66 4 4
c69a 4 4
1eda 1 1
d558 4 4
bacd 4 4
c68c 4 4
80be 4 4
6c6d 1 1
0000 2 2
4049 1 1
0000 2 2
0000 2 2
0000 2 2
8cab 4 4
0000 2 2
f474 4 4
c29c 4 4
ce7c 4 4
fe61 4 4
33f4 1 1
fa5e 4 4
2997 1 1
0000 2 2
0000 2 2
0000 2 2
2956 1 1
08e3 1 1
01d8 1 1
0000 2 2
bf20 4 4
b057 4 4
0000 2 2
0000 2 2
0000 2 2
0000 2 2
318a 1 1
0000 2 2
e636 4 4
1e4d 1 1
09e9 1 1
0000 2 2
b50a 4 4
5eb9 1 1
3d99 1 1
0000 2 2
673e 1 1
0000 2 2
0000 2 2
0000 2 2
0000 2 2
3ca0 1 1
5fc3 1 1
0000 2 2
0000 2 2
0000 2 2
0000 2 2
849a 4 4
ca31 4 4
fe79 4 4
76ce 1 1
78ed 1 1
0000 2 2
070e 1 1
f891 4 4
8dec 4 4
e99b 4 4
7668 1 1
b345 4 4
16ab 1 1
0000 2 2
b5d5 4 4
0000 2 2
8a2e 4 4
0000 2 2
0000 2 2
b4b6 4 4
9b52 4 4
0af0 1 1
7fae 1 1
b8fc 4 4
3446 1 1
8d2a 4 4
0000 2 2
0000 2 2
4db7 1 1
0000 2 2
3517 1 1
0218 1 1
454f 1 1
0000 2 2
8d6a 4 4
9838 4 4
36ed 1 1
8391 4 4
1013 1 1
cd01 4 4
0000 2 2
8abd 4 4
5d0f 1 1
f7a1 4 4
2940 1 1
bff4 4 4
0000 2 2
0000 2 2
0000 2 2
0000 2 2
fc75 4 4
5fb7 1 1
af8d 4 4
3fd5 1 1
c5db 4 4
0000 2 2
8a80 4 4
e3b3 4 4
0000 2 2
0000 2 2
ae75 4 4
4351 1 1
0000 2 2
0000 2 2
7624 1 1
0000 2 2
0000 2 2
2c00 1 1
8cdb 4 4
0000 2 2
bf34 4 4
846b 4 4
d449 4 4
a9a8 4 4
0000 2 2
3e26 1 1
0000 2 2
30df 1 1
10b4 1 1
0000 2 2
0000 2 2
9f25 4 4
e0a8 4 4
0000 2 2
ccd4 4 4
db04 4 4
088d 1 1
2795 1 1
4069 1 1
0000 2 2
4784 1 1
0000 2 2
0000 2 2
8afa 4 4
7112 1 1
517e 1 1
0000 2 2
e3e2 4 4
e0f7 4 4
0000 2 2
0000 2 2
d54b 4 4
cb44 4 4
5fb5 1 1
cf86 4 4
9b38 4 4
0000 2 2
0000 2 2
3a8a 1 1
c7e4 4 4
255d 1 1
259c 1 1
75b8 1 1
d785 4 4
7aa0 1 1
274b 1 1
0000 2 2
3d7b 1 1
9818 4 4
0000 2 2
0000 2 2
0000 2 2
ccb1 4 4
785a 1 1
0000 2 2
0000 2 2
0000 2 2
5731 1 1
a7d4 4 4
c4ee 4 4
4f08 1 1
6fb8 1 1
b2c5 4 4
0000 2 2
6f07 1 1
e6a8 4 4
0000 2 2
0000 2 2
0000 2 2
0000 2 2
9a3b 4 4
400c 1 1
0000 2 2
0000 2 2
bbb8 4 4
0000 2 2
e75b 4 4
0000 2 2
c074 4 4
0000 2 2
5b84 1 1
0000 2 2
0000 2 2
0000 2 2
7aec 1 1
0000 2 2
0000 2 2
0000 2 2
0000 2 2
0000 2 2
cbae 4 4
6271 1 1
f43b 4 4
0000 2 2
3099 1 1
4740 1 1
3959 1 1
0000 2 2
8a4e 4 4
0000 2 2
0000 2 2
9bc3 4 4
1c09 1 1
8599 4 4
15fe 1 1
78e9 1 1
a452 4 4
bcd0 4 4
0000 2 2
1aac 1 1
1584 1 1
6f77 1 1
89d9 4 4
0000 2 2
0000 2 2
870b 4 4
677f 1 1
34cb 1 1
0000 2 2
0ed2 1 1
98b8 4 4
0000 2 2
aac5 4 4
4cc5 1 1
d04a 4 4
0000 2 2
0000 2 2
a1d7 4 4
0000 2 2
0000 2 2
0000 2 2
0000 2 2
63cc 1 1
ef37 4 4
0000 2 2
c0e1 4 4
0000 2 2
43f8 1 1
7c39 1 1
098b 1 1
b0ca 4 4
0000 2 2
0000 2 2
2449 1 1
857b 4 4
46db 1 1
f7cf 4 4
0000 2 2
3ddf 1 1
1c0d 1 1
93f8 4 4
0000 2 2
0000 2 2
77dc 1 1
0197 1 1
d27f 4 4
3371 1 1
0000 2 2
7905 1 1
0000 2 2
0000 2 2
8181 4 4
e3da 4 4
8f6e 4 4
0000 2 2
88d2 4 4
1251 1 1
c57b 4 4
0000 2 2
c2d9 4 4
a667 4 4
23cd 1 1
0dbd 1 1
0000 2 2
cba9 4 4
a8ba 4 4
352c 1 1
0000 2 2
63c9 1 1
0000 2 2
cafb 4 4
713c 1 1
4957 1 1
0000 2 2
0cd7 1 1
7c47 1 1
67e3 1 1
0000 2 2
878b 4 4
d6b5 4 4
5c1c 1 1
067f 1 1
0000 2 2
e97a 4 4
a73b 4 4
1329 1 1
0000 2 2
91f0 4 4
bbd6 4 4
0000 2 2
1ecd 1 1
a299 4 4
09b5 1 1
b8d3 4 4
1a0a 1 1
167c 1 1
0000 2 2
0000 2 2
790e 1 1
0000 2 2
aefc 4 4
8ea9 4 4
31c1 1 1
e669 4 4
0000 2 2
3bdc 1 1
e616 4 4
0000 2 2
0000 2 2
0000 2 2
dbbe 4 4
89a3 4 4
69aa 1 1
d83c 4 4
0000 2 2
eb2d 4 4
e792 4 4
c7e1 4 4
8817 4 4
b493 4 4
9991 4 4
b9ea 4 4
d27d 4 4
c396 4 4
39e0 1 1
d26c 4 4
502d 1 1
1b90 1 1
57cf 1 1
7503 1 1
0000 2 2
f75a 4 4
0000 2 2
68f3 1 1
9200 4 4
782e 1 1
0000 2 2
8004 4 4
8217 4 4
86f8 4 4
f86d 4 4
0000 2 2
1709 1 1
0000 2 2
7f4e 1 1
6dfa 1 1
e560 4 4
143e 1 1
0000 2 2
c0ea 4 4
158a 1 1
0000 2 2
0000 2 2
0000 2 2
7b20 1 1
0000 2 2
75d2 1 1
0f41 1 1
0000 2 2
d24d 4 4
7c8c 1 1
b24e 4 4
0000 2 2
740d 1 1
2c1d 1 1
29f9 1 1
0000 2 2
1bc9 1 1
6eb6 1 1
2be7 1 1
0000 2 2
ca24 4 4
49c1 1 1
9b97 4 4
2f62 1 1
0000 2 2
46af 1 1
9667 4 4
cca6 4 4
fe8f 4 4
0bb5 1 1
bec8 4 4
543d 1 1
0000 2 2
f6ed 4 4
0000 2 2
0000 2 2
f54c 4 4
e26e 4 4
61b2 1 1
a34b 4 4
570a 1 1
cb42 4 4
3d0d 1 1
eaaa 4 4
90d7 4 4
fc07 4 4
65cd 1 1
5e0e 1 1
0000 2 2
0000 2 2
0000 2 2
fe22 4 4
13e4 1 1
0000 2 2
0000 2 2
db0c 4 4
304c 1 1
50e5 1 1
a0db 4 4
b617 4 4
6633 1 1
4649 1 1
0000 2 2
642d 1 1
0000 2 2
9c6b 4 4
a13d 4 4
ce37 4 4
491f 1 1
789f 1 1
de44 4 4
5cc2 1 1
0000 2 2
0000 2 2
b799 4 4
f480 4 4
ee9e 4 4
a406 4 4
582a 1 1
0000 2 2
0000 2 2
0000 2 2
c55d 4 4
0ebe 1 1
e379 4 4
9938 4 4
0000 2 2
0000 2 2
3321 1 1
a8af 4 4
3b0d 1 1
6abe 1 1
0000 2 2
67e0 1 1
0000 2 2
0f56 1 1
8814 4 4
0000 2 2
d6ab 4 4
814f 4 4
2788 1 1
f8eb 4 4
0000 2 2
0000 2 2
0000 2 2
47e9 1 1
818b 4 4
6138 1 1
1aea 1 1
095f 1 1
0000 2 2
d6e1 4 4
6e9c 1 1
8b01 4 4
d1fd 4 4
0000 2 2
1b3a 1 1
26e8 1 1
0000 2 2
7be4 1 1
af1c 4 4
9a35 4 4
7169 1 1
0000 2 2
2226 1 1
186f 1 1
66d5 1 1
cf74 4 4
c0b5 4 4
e529 4 4
0000 2 2
0000 2 2
0000 2 2
c4f9 4 4
da0b 4 4
0000 2 2
0000 2 2
0000 2 2
482c 1 1
c4bf 4 4
c49e 4 4
1384 1 1
0000 2 2
1d88 1 1
38a5 1 1
acdc 4 4
f6a5 4 4
0000 2 2
0000 2 2
0000 2 2
0000 2 2
c85e 4 4
41dd 1 1
aa93 4 4
0e5b 1 1
7d2e 1 1
2e9e 1 1
0000 2 2
0000 2 2
4d2d 1 1
0d20 1 1
5e49 1 1
6666 1 1
da10 4 4
826b 4 4
d622 4 4
613b 1 1
0000 2 2
0af0 1 1
0000 2 2
3550 1 1
3d59 1 1
0000 2 2
0000 2 2
0000 2 2
0000 2 2
0000 2 2
0000 2 2
f64a 4 4
0000 2 2
f262 4 4
88d4 4 4
0000 2 2
3996 1 1
0000 2 2
6b18 1 1
38e6 1 1
61fc 1 1
0000 2 2
b14e 4 4
0000 2 2
0000 2 2
edb8 4 4
5492 1 1
0000 2 2
0633 1 1
5341 1 1
0000 2 2
0000 2 2
0000 2 2
0000 2 2
1adc 1 1
779a 1 1
0000 2 2
091f 1 1
ec5d 4 4
ce91 4 4
0000 2 2
661c 1 1
0000 2 2
0000 2 2
8e8d 4 4
0000 2 2
de24 4 4
7d2e 1 1
0000 2 2
0000 2 2
0000 2 2
b29b 4 4
7581 1 1
d450 4 4
7f7d 1 1
2c1f 1 1
9acc 4 4
cf61 4 4
0000 2 2
f138 4 4
b604 4 4
9ee8 4 4
faa0 4 4
9fae 4 4
ade8 4 4
84b8 4 4
fc22 4 4
9365 4 4
0157 1 1
4065 1 1
a397 4 4
7908 1 1
8149 4 4
b139 4 4
32ac 1 1
8959 4 4
5e25 1 1
08d9 1 1
9110 4 4
a3bc 4 4
6af2 1 1
0000 2 2
0020 1 1
cdef 4 4
cac6 4 4
dd08 4 4
0000 2 2
0000 2 2
86f4 4 4
0000 2 2
0000 2 2
0000 2 2
2ecd 1 1
4756 1 1
297d 1 1
3926 1 1
e4bb 4 4
0bda 1 1
0000 2 2
7913 1 1
c171 4 4
5914 1 1
0000 2 2
0000 2 2
545b 1 1
ce54 4 4
0000 2 2
6cc5 1 1
2742 1 1
407d 1 1
761f 1 1
0218 1 1
814a 4 4
63a7 1 1
8889 4 4
0000 2 2
0000 2 2
d010 4 4
0000 2 2
a691 4 4
f459 4 4
a282 4 4
0000 2 2
c27d 4 4
0000 2 2
5262 1 1
0000 2 2
1bb7 1 1
0000 2 2
0000 2 2
0000 2 2
144e 1 1
8e79 4 4
0000 2 2
0000 2 2
0000 2 2
190c 1 1
1868 1 1
0000 2 2
0000 2 2
0000 2 2
0000 2 2
de6b 4 4
2249 1 1
0000 2 2
12be 1 1
212b 1 1
6708 1 1
0b73 1 1
df0a 4 4
5fed 1 1
df1d 4 4
57df 1 1
0000 2 2
faf9 4 4
0000 2 2
7722 1 1
cb5a 4 4
084c 1 1
3b96 1 1
8b7a 4 4
0000 2 2
9c6f 4 4
6bc7 1 1
488b 1 1
1ea0 1 1
dd1d 4 4
0000 2 2
e6d8 4 4
e112 4 4
32d2 1 1
9671 4 4
643d 1 1
94c0 4 4
8bff 4 4
0000 2 2
1379 1 1
2bdb 1 1
3a9e 1 1
0000 2 2
0000 2 2
0000 2 2
5bd5 1 1
0000 2 2
aad9 4 4
0000 2 2
0000 2 2
bc41 4 4
f130 4 4
0000 2 2
0000 2 2
f106 4 4
908c 4 4
09aa 1 1
0d8f 1 1
423f 1 1
0000 2 2
2833 1 1
8fb4 4 4
e190 4 4
0000 2 2
bb7d 4 4
216e 1 1
de1d 4 4
1803 1 1
0000 2 2
0000 2 2
135f 1 1
0000 2 2
effe 4 4
0000 2 2
507b 1 1
54ae 1 1
0000 2 2
0000 2 2
ab79 4 4
0000 2 2
98de 4 4
9faf 4 4
aa06 4 4
bf82 4 4
41e3 1 1
80df 4 4
f523 4 4
1c50 1 1
0000 2 2
f4e4 4 4
1f2b 1 1
538d 1 1
0000 2 2
0000 2 2
0e2a 1 1
0000 2 2
75b0 1 1
0000 2 2
860a 4 4
0000 2 2
b326 4 4
8c8b 4 4
0000 2 2
3f43 1 1
0000 2 2
0000 2 2
f781 4 4
362c 1 1
654b 1 1
853e 4 4
0000 2 2
6c9d 1 1
3a68 1 1
3ae6 1 1
0000 2 2
0000 2 2
0000 2 2
0000 2 2
e342 4 4
0000 2 2
8274 4 4
6806 1 1
c98c 4 4
b7cf 4 4
ee12 4 4
0000 2 2
0000 2 2
30bc 1 1
0000 2 2
0000 2 2
0000 2 2
c63c 4 4
2e65 1 1
0000 2 2
c1d4 4 4
5b49 1 1
0000 2 2
0000 2 2
0000 2 2
bf84 4 4
5772 1 1
764e 1 1
0000 2 2
aeb2 4 4
338b 1 1
0000 2 2
0000 2 2
c099 4 4
0000 2 2
aaea 4 4
3c15 1 1
b45b 4 4
b3b6 4 4
0000 2 2
0000 2 2
afab 4 4
ab77 4 4
dbbb 4 4
91f1 4 4
7555 1 1
0000 2 2
0000 2 2
acb0 4 4
0000 2 2
028a 1 1
ae7e 4 4
0000 2 2
44f3 1 1
da48 4 4
7538 1 1
8de0 4 4
a6b8 4 4
0000 2 2
cd87 4 4
dcae 4 4
0000 2 2
0000 2 2
0000 2 2
1e58 1 1
0000 2 2
999e 4 4
bf8b 4 4
24d1 1 1
cf25 4 4
7550 1 1
49ae 1 1
bcaf 4 4
e6ff 4 4
4233 1 1
90f8 4 4
cbbb 4 4
c451 4 4
10ed 1 1
a7e5 4 4
0000 2 2
4ed3 1 1
8613 4 4
0000 2 2
0000 2 2
0000 2 2
0000 2 2
ad0d 4 4
0000 2 2
50fc 1 1
a1df 4 4
722a 1 1
33a6 1 1
ffb9 4 4
aa17 4 4
8eaa 4 4
0000 2 2
0000 2 2
9e3f 4 4
0000 2 2
3fe7 1 1
74a0 1 1
c169 4 4
0000 2 2
8ce7 4 4
0000 2 2
0000 2 2
1d89 1 1
0000 2 2
1fb5 1 1
3473 1 1
0000 2 2
3f06 1 1
c15d 4 4
7143 1 1
f5db 4 4
0000 2 2
0000 2 2
f9e9 4 4
895f 4 4
0000 2 2
a61d 4 4
5ad2 1 1
fe94 4 4
9451 4 4
c04a 4 4
e5fc 4 4
fc11 4 4
0000 2 2
1e15 1 1
a659 4 4
0000 2 2
0000 2 2
0000 2 2
0000 2 2
05cc 1 1
e96e 4 4
0000 2 2
0000 2 2
0000 2 2
b1ca 4 4
1aff 1 1
1667 1 1
e6a3 4 4
dc8f 4 4
0e1a 1 1
f388 4 4
0f5e 1 1
ecef 4 4
0000 2 2
c028 4 4
ebce 4 4
7b2f 1 1
0000 2 2
b2e8 4 4
25a5 1 1
0000 2 2
0000 2 2
0000 2 2
5f8d 1 1
0d6a 1 1
fbb2 4 4
b811 4 4
0000 2 2
38c1 1 1
f7c7 4 4
0000 2 2
268f 1 1
0f24 1 1
5a90 1 1
0000 2 2
b167 4 4
c725 4 4
51d4 1 1
ed07 4 4
0000 2 2
91d5 4 4
0000 2 2
cfc4 4 4
2dee 1 1
5b00 1 1
0000 2 2
0000 2 2
7b84 1 1
07e0 1 1
0000 2 2
6bc4 1 1
cb85 4 4
82d2 4 4
0000 2 2
0000 2 2
fb92 4 4
61a7 1 1
854b 4 4
79be 1 1
4e91 1 1
0000 2 2
0000 2 2
0000 2 2
17a0 1 1
bf28 4 4
020b 1 1
0000 2 2
c008 4 4
cd60 4 4
0000 2 2
a056 4 4
0000 2 2
0000 2 2
1c91 1 1
0000 2 2
0000 2 2
0000 2 2
0000 2 2
b6ad 4 4
cb12 4 4
0000 2 2
5174 1 1
0000 2 2
8aa4 4 4
37c5 1 1
0000 2 2
0000 2 2
0000 2 2
0000 2 2
0000 2 2
0000 2 2
3d25 1 1
c4b4 4 4
f1b0 4 4
0000 2 2
4f4b 1 1
ccf1 4 4
8df2 4 4
0000 2 2
0369 1 1
0000 2 2
d5c8 4 4
82d3 4 4
53e2 1 1
230a 1 1
0000 2 2
ec08 4 4
0000 2 2
d3fa 4 4
2a23 1 1
f7cc 4 4
a26a 4 4
c8c5 4 4
0000 2 2
57ba 1 1
0000 2 2
2896 1 1
0000 2 2
0abe 1 1
27a4 1 1
0000 2 2
4a49 1 1
4eec 1 1
eb7a 4 4
0000 2 2
3200 1 1
0732 1 1
0000 2 2
260d 1 1
b73d 4 4
dace 4 4
b941 4 4
6e8a 1 1
acc7 4 4
6dd3 1 1
5308 1 1
0000 2 2
30a2 1 1
0000 2 2
c4bf 4 4
0000 2 2
1a31 1 1
0000 2 2
7c7d 1 1
0000 2 2
0000 2 2
5b88 1 1
0000 2 2
04f0 1 1
0000 2 2
dd79 4 4
8e65 4 4
0cd8 1 1
a7bb 4 4
66fd 1 1
e5a6 4 4
8300 4 4
7c2d 1 1
0000 2 2
e0e0 4 4
80a6 4 4
b493 4 4
eba3 4 4
9775 4 4
3af8 1 1
0000 2 2
0000 2 2
0000 2 2
0000 2 2
7ed2 1 1
0000 2 2
0000 2 2
0000 2 2
aac4 4 4
2667 1 1
9c82 4 4
bc5b 4 4
1bf9 1 1
df09 4 4
e3bd 4 4
0000 2 2
1189 1 1
70b4 1 1
e908 4 4
c96f 4 4
0000 2 2
0000 2 2
5d13 1 1
0000 2 2
aa9c 4 4
9cd9 4 4
9bad 4 4
0000 2 2
5244 1 1
9227 4 4
c4d0 4 4
cc16 4 4
0f7a 1 1
4ede 1 1
0000 2 2
0000 2 2
0000 2 2
0000 2 2
45d8 1 1
1062 1 1
0000 2 2
0000 2 2
0000 2 2
6fc3 1 1
0000 2 2
26b2 1 1
220f 1 1
bfe7 4 4
f8ff 4 4
6cf8 1 1
d29e 4 4
04ea 1 1
c8c9 4 4
0cfb 1 1
1dd6 1 1
8c78 4 4
0000 2 2
0000 2 2
4d7a 1 1
53ca 1 1
af0d 4 4
491b 1 1
0000 2 2
a80f 4 4
0000 2 2
0000 2 2
fe10 4 4
b71f 4 4
0000 2 2
e16b 4 4
5273 1 1
28e6 1 1
4d97 1 1
0000 2 2
2968 1 1
6f45 1 1
e80b 4 4
801e 4 4
fb3a 4 4
a515 4 4
0000 2 2
f277 4 4
6bfb 1 1
117d 1 1
e940 4 4
6372 1 1
91c2 4 4
0000 2 2
0000 2 2
8c34 4 4
0000 2 2
0000 2 2
0463 1 1
4bf6 1 1
c3c3 4 4
c7d4 4 4
ffb5 4 4
e95d 4 4
9e58 4 4
0000 2 2
0000 2 2
7ac9 1 1
d261 4 4
0000 2 2
0000 2 2
0000 2 2
f583 4 4
f301 4 4
aff1 4 4
93fe 4 4
8d3f 4 4
0000 2 2
a53e 4 4
0000 2 2
0000 2 2
eb77 4 4
0a25 1 1
de35 4 4
f729 4 4
db71 4 4
0000 2 2
b8e2 4 4
0b25 1 1
0000 2 2
0000 2 2
c2a3 4 4
7163 1 1
0000 2 2
5cbf 1 1
dcc3 4 4
fe79 4 4
a88d 4 4
0000 2 2
1476 1 1
824a 4 4
0000 2 2
17dd 1 1
0651 1 1
a1d8 4 4
0000 2 2
ab88 4 4
bbc3 4 4
90c5 4 4
0000 2 2
0000 2 2
ff63 4 4
0000 2 2
1c6d 1 1
0000 2 2
0000 2 2
0000 2 2
8964 4 4
943a 4 4
0000 2 2
ea42 4 4
e646 4 4
ef82 4 4
0000 2 2
eea2 4 4
0000 2 2
c815 4 4
0000 2 2
0000 2 2
6673 1 1
434e 1 1
f460 4 4
cd8e 4 4
0000 2 2
0000 2 2
0000 2 2
ad34 4 4
7afd 1 1
0000 2 2
fef9 4 4
0000 2 2
d1bc 4 4
0000 2 2
0000 2 2
0000 2 2
0000 2 2
0000 2 2
ab90 4 4
f923 4 4
6282 1 1
0000 2 2
0000 2 2
ea5c 4 4
0000 2 2
8264 4 4
427a 1 1
8fcf 4 4
c016 4 4
20ef 1 1
a95f 4 4
1618 1 1
8061 4 4
0000 2 2
8700 4 4
debc 4 4
0000 2 2
e459 4 4
bef5 4 4
e336 4 4
cb53 4 4
fb18 4 4
7d4f 1 1
9d53 4 4
54e0 1 1
ed18 4 4
0000 2 2
0000 2 2
c2b1 4 4
0000 2 2
45d0 1 1
3794 1 1
02a7 1 1
0000 2 2
3401 1 1
d034 4 4
a1d8 4 4
0000 2 2
9fd4 4 4
dd14 4 4
11cc 1 1
4352 1 1
fe77 4 4
da09 4 4
e274 4 4
0000 2 2
608d 1 1
3172 1 1
0000 2 2
ef95 4 4
37b1 1 1
e0d2 4 4
004d 1 1
aec8 4 4
a638 4 4
0000 2 2
8f47 4 4
0000 2 2
0000 2 2
0000 2 2
0000 2 2
ca2d 4 4
0000 2 2
32ec 1 1
0000 2 2
fe36 4 4
0000 2 2
664e 1 1
0000 2 2
62ee 1 1
0000 2 2
8657 4 4
49cf 1 1
5f69 1 1
0000 2 2
0000 2 2
7331 1 1
a4d4 4 4
0000 2 2
d94f 4 4
0000 2 2
0000 2 2
ae82 4 4
aaae 4 4
d01a 4 4
0000 2 2
0000 2 2
5b39 1 1
7fd9 1 1
0000 2 2
e1b4 4 4
7ebb 1 1
f73a 4 4
f353 4 4
818d 4 4
9cc2 4 4
fb54 4 4
c233 4 4
9a96 4 4
22a9 1 1
21a5 1 1
eeed 4 4
7acd 1 1
bf9b 4 4
1b91 1 1
0000 2 2
a66b 4 4
7e61 1 1
0000 2 2
32e6 1 1
31e1 1 1
0000 2 2
0000 2 2
0000 2 2
451f 1 1
eef5 4 4
0000 2 2
e5a2 4 4
c617 4 4
f98b 4 4
0000 2 2
ef9f 4 4
8ada 4 4
0000 2 2
0f78 1 1
0000 2 2
0000 2 2
d3c5 4 4
3e91 1 1
fcfd 4 4
0000 2 2
0000 2 2
13cc 1 1
c8b8 4 4
d441 4 4
ee12 4 4
0000 2 2
0000 2 2
2964 1 1
0000 2 2
0000 2 2
eb79 4 4
0000 2 2
ccbf 4 4
c4ef 4 4
8d9a 4 4
6ffa 1 1
0000 2 2
9989 4 4
0000 2 2
5c4b 1 1
e7ee 4 4
1e55 1 1
8b9c 4 4
3ee5 1 1
6b23 1 1
0000 2 2
90fd 4 4
7a47 1 1
0000 2 2
ed1b 4 4
0000 2 2
50aa 1 1
0000 2 2
51fd 1 1
8994 4 4
85a8 4 4
7048 1 1
1812 1 1
438c 1 1
6288 1 1
19c2 1 1
e624 4 4
0000 2 2
0000 2 2
547e 1 1
66cd 1 1
f73d 4 4
9809 4 4
d696 4 4
0000 2 2
cb83 4 4
0000 2 2
0000 2 2
351c 1 1
0000 2 2
b7ef 4 4
7cb7 1 1
0000 2 2
83c1 4 4
13db 1 1
0000 2 2
25fa 1 1
0000 2 2
1e06 1 1
5efa 1 1
3fa5 1 1
1658 1 1
e232 4 4
f0a5 4 4
6ee1 1 1
0000 2 2
26ab 1 1
ebfa 4 4
8a8f 4 4
0000 2 2
0000 2 2
0000 2 2
5796 1 1
0000 2 2
26cf 1 1
7a73 1 1
faa7 4 4
2c7f 1 1
5743 1 1
0000 2 2
072a 1 1
0000 2 2
0000 2 2
f53c 4 4
0000 2 2
705a 1 1
557e 1 1
d248 4 4
62ae 1 1
a3a1 4 4
73c8 1 1
4277 1 1
0000 2 2
5f7d 1 1
0000 2 2
0000 2 2
ce68 4 4
0000 2 2
0000 2 2
c93b 4 4
0000 2 2
bb26 4 4
d82d 4 4
0000 2 2
0000 2 2
20f0 1 1
2e4a 1 1
5685 1 1
0000 2 2
0000 2 2
e24e 4 4
e91d 4 4
0000 2 2
83fc 4 4
8d21 4 4
abf0 4 4
a7e0 4 4
7e7d 1 1
3482 1 1
0000 2 2
8c6a 4 4
0000 2 2
f17a 4 4
6aa9 1 1
d94b 4 4
0000 2 2
42ae 1 1
d481 4 4
fd5f 4 4
dc2d 4 4
0000 2 2
0000 2 2
e757 4 4
f3c6 4 4
3529 1 1
0000 2 2
9103 4 4
cc85 4 4
0000 2 2
91eb 4 4
0000 2 2
8930 4 4
0000 2 2
5bb7 1 1
20f3 1 1
0f26 1 1
6467 1 1
a091 4 4
0000 2 2
0eaa 1 1
b207 4 4
0000 2 2
d92f 4 4
205b 1 1
cd67 4 4
1973 1 1
0000 2 2
0859 1 1
0000 2 2
8052 4 4
0000 2 2
0e4a 1 1
a608 4 4
0000 2 2
95a1 4 4
2ba9 1 1
5a09 1 1
68f7 1 1
0000 2 2
0000 2 2
a35c 4 4
0000 2 2
efbe 4 4
69ef 1 1
e476 4 4
0000 2 2
0404 1 1
be47 4 4
353f 1 1
ec07 4 4
fb52 4 4
334b 1 1
0000 2 2
64ef 1 1
0000 2 2
5c2c 1 1
65d6 1 1
5011 1 1
0000 2 2
0000 2 2
0000 2 2
e253 4 4
b24e 4 4
2a95 1 1
7bae 1 1
00b5 1 1
9a7f 4 4
8120 4 4
766d 1 1
47df 1 1
7544 1 1
dfed 4 4
fe0b 4 4
0000 2 2
c68a 4 4
96df 4 4
0000 2 2
23ca 1 1
0000 2 2
e741 4 4
0000 2 2
a84c 4 4
c132 4 4
b72c 4 4
08d1 1 1
1529 1 1
dd17 4 4
6d2e 1 1
d9fe 4 4
cea6 4 4
0000 2 2
d42b 4 4
4a4f 1 1
0000 2 2
0000 2 2
d8f3 4 4
0000 2 2
f0d5 4 4
3e86 1 1
9deb 4 4
4082 1 1
6c26 1 1
0000 2 2
d64e 4 4
34d2 1 1
9f35 4 4
545e 1 1
8533 4 4
6471 1 1
e013 4 4
b6c7 4 4
0000 2 2
d47e 4 4
8bcd 4 4
5371 1 1
ae57 4 4
53b8 1 1
d9c7 4 4
0000 2 2
0000 2 2
d7aa 4 4
c7d1 4 4
0000 2 2
0000 2 2
0000 2 2
7fc8 1 1
b221 4 4
7c5e 1 1
0000 2 2
0558 1 1
0000 2 2
0000 2 2
813e 4 4
5a48 1 1
3c1f 1 1
0000 2 2
54c2 1 1
0000 2 2
0000 2 2
6cbe 1 1
8c97 4 4
e300 4 4
0000 2 2
96cb 4 4
ee55 4 4
5e8e 1 1
36bc 1 1
7a9e 1 1
0fd7 1 1
c6a1 4 4
0000 2 2
3bcd 1 1
79c6 1 1
0000 2 2
0000 2 2
0000 2 2
3f3d 1 1
c814 4 4
0000 2 2
2ead 1 1
8d04 4 4
c848 4 4
71cb 1 1
0000 2 2
8efa 4 4
0000 2 2
b189 4 4
d1e7 4 4
689f 1 1
0000 2 2
ce20 4 4
3a8d 1 1
0000 2 2
8d39 4 4
0000 2 2
dee8 4 4
0000 2 2
0000 2 2
7856 1 1
0000 2 2
75ea 1 1
e574 4 4
d74d 4 4
c649 4 4
913b 4 4
0000 2 2
b647 4 4
0000 2 2
0000 2 2
b1be 4 4
3c64 1 1
d111 4 4
dd64 4 4
047c 1 1
41b0 1 1
1303 1 1
503d 1 1
0000 2 2
0000 2 2
0000 2 2
0000 2 2
b355 4 4
649d 1 1
af61 4 4
0000 2 2
0000 2 2
4a3e 1 1
f27c 4 4
0000 2 2
0000 2 2
0000 2 2
d8b2 4 4
cbbc 4 4
0df4 1 1
766b 1 1
5438 1 1
0000 2 2
8935 4 4
5002 1 1
0000 2 2
5443 1 1
0000 2 2
dda0 4 4
0000 2 2
48d7 1 1
e3d3 4 4
3ae1 1 1
1c27 1 1
ee64 4 4
2d99 1 1
022c 1 1
7d0c 1 1
64fd 1 1
f45b 4 4
d151 4 4
0446 1 1
0000 2 2
9c20 4 4
3b27 1 1
a10b 4 4
0000 2 2
0000 2 2
9391 4 4
0000 2 2
4043 1 1
1758 1 1
35a1 1 1
6f4e 1 1
0000 2 2
0000 2 2
0000 2 2
ab0e 4 4
0000 2 2
4710 1 1
5c84 1 1
0000 2 2
b98b 4 4
0000 2 2
fb16 4 4
e89b 4 4
0000 2 2
2566 1 1
b0b5 4 4
0000 2 2
cbbd 4 4
ab40 4 4
0000 2 2
0000 2 2
fac1 4 4
a6ca 4 4
9615 4 4
582a 1 1
24ea 1 1
0000 2 2
a380 4 4
2aff 1 1
0000 2 2
5f1c 1 1
f5ed 4 4
374e 1 1
d900 4 4
0000 2 2
b6da 4 4
0000 2 2
0000 2 2
07c0 1 1
aa26 4 4
0000 2 2
fbf9 4 4
c4eb 4 4
341d 1 1
0000 2 2
ce46 4 4
6701 1 1
0406 1 1
e304 4 4
5c77 1 1
0000 2 2
0000 2 2
0000 2 2
196f 1 1
3521 1 1
0000 2 2
7043 1 1
0000 2 2
0a93 1 1
2f17 1 1
0000 2 2
0000 2 2
10d4 1 1
2b4b 1 1
5586 1 1
09c4 1 1
93b7 4 4
99ca 4 4
2b8c 1 1
0000 2 2
0000 2 2
6cca 1 1
517d 1 1
47fd 1 1
9116 4 4
c352 4 4
f7fb 4 4
0000 2 2
d002 4 4
74a0 1 1
322a 1 1
1b17 1 1
dca9 4 4
0000 2 2
50a1 1 1
8cec 4 4
0000 2 2
4d6b 1 1
7d1b 1 1
9839 4 4
0000 2 2
48a2 1 1
c1e3 4 4
0000 2 2
fe4b 4 4
1016 1 1
0000 2 2
31d6 1 1
11dd 1 1
0000 2 2
0000 2 2
0000 2 2
57de 1 1
d127 4 4
0f7f 1 1
ef98 4 4
61de 1 1
463f 1 1
0000 2 2
f2f5 4 4
0000 2 2
1cf1 1 1
d62f 4 4
3b5b 1 1
0000 2 2
0000 2 2
0000 2 2
0000 2 2
a605 4 4
0000 2 2
0000 2 2
fb38 4 4
36f6 1 1
49ae 1 1
0a21 1 1
819d 4 4
0000 2 2
7e08 1 1
0000 2 2
4215 1 1
3619 1 1
0000 2 2
0000 2 2
ea31 4 4
0000 2 2
4052 1 1
fa84 4 4
8429 4 4
0000 2 2
ffb8 4 4
4ee8 1 1
cd5b 4 4
2136 1 1
fa0f 4 4
51d9 1 1
917b 4 4
c5c7 4 4
c398 4 4
2382 1 1
0000 2 2
de01 4 4
ef3a 4 4
b38b 4 4
34ed 1 1
0000 2 2
6c7b 1 1
cf81 4 4
0000 2 2
db25 4 4
8c60 4 4
f226 4 4
0000 2 2
0000 2 2
f98c 4 4
e656 4 4
0000 2 2
0000 2 2
931f 4 4
b66a 4 4
0000 2 2
0000 2 2
0000 2 2
42a4 1 1
a7de 4 4
0000 2 2
0000 2 2
0000 2 2
09cf 1 1
0c99 1 1
506d 1 1
0000 2 2
0000 2 2
3868 1 1
566c 1 1
873d 4 4
0000 2 2
85ee 4 4
0000 2 2
0000 2 2
6d7c 1 1
c213 4 4
0ca2 1 1
0000 2 2
ea84 4 4
eeee 4 4
497c 1 1
2caa 1 1
0000 2 2
0000 2 2
b61e 4 4
0000 2 2
0000 2 2
0000 2 2
0000 2 2
0000 2 2
0000 2 2
e8dd 4 4
d32d 4 4
0000 2 2
45d3 1 1
07bd 1 1
c03c 4 4
0000 2 2
0000 2 2
b431 4 4
da91 4 4
d104 4 4
bd89 4 4
e34b 4 4
c568 4 4
0000 2 2
75cf 1 1
0000 2 2
bac6 4 4
0000 2 2
9378 4 4
db44 4 4
2fe2 1 1
0000 2 2
9b2b 4 4
d674 4 4
0000 2 2
0396 1 1
1fd1 1 1
0000 2 2
701e 1 1
5390 1 1
1ff2 1 1
0000 2 2
6908 1 1
9090 4 4
0000 2 2
65b9 1 1
bfa4 4 4
0000 2 2
9ac6 4 4
35cc 1 1
0000 2 2
0000 2 2
a453 4 4
b5f1 4 4
0000 2 2
0000 2 2
094c 1 1
d95c 4 4
0000 2 2
f488 4 4
2f76 1 1
db50 4 4
0000 2 2
0000 2 2
1328 1 1
0000 2 2
0254 1 1
0292 1 1
a8dd 4 4
928e 4 4
715e 1 1
fee5 4 4
dda3 4 4
0000 2 2
0000 2 2
c725 4 4
3dd3 1 1
e833 4 4
9f03 4 4
037c 1 1
f67e 4 4
c647 4 4
bfc9 4 4
24e5 1 1
4625 1 1
92e0 4 4
b357 4 4
bb87 4 4
1bd0 1 1
0000 2 2
769d 1 1
58c7 1 1
d13d 4 4
0000 2 2
f690 4 4
6597 1 1
cf2e 4 4
0000 2 2
5c0a 1 1
beb5 4 4
0218 1 1
d98e 4 4
0000 2 2
cdbe 4 4
3c37 1 1
58e6 1 1
0000 2 2
bd8f 4 4
5515 1 1
885c 4 4
8542 4 4
9547 4 4
0000 2 2
0000 2 2
1db3 1 1
0000 2 2
0000 2 2
a469 4 4
0000 2 2
62a9 1 1
41d5 1 1
3efc 1 1
0958 1 1
656c 1 1
552d 1 1
df8a 4 4
6f3d 1 1
4af2 1 1
4667 1 1
0000 2 2
c863 4 4
0000 2 2
bc73 4 4
bafa 4 4
0bac 1 1
420b 1 1
0000 2 2
0000 2 2
0000 2 2
0000 2 2
160d 1 1
a067 4 4
37e9 1 1
7654 1 1
0000 2 2
0000 2 2
0000 2 2
ec94 4 4
0000 2 2
0000 2 2
c2f5 4 4
68c9 1 1
0fd1 1 1
ded6 4 4
962e 4 4
0000 2 2
ab90 4 4
0b36 1 1
6325 1 1
07cc 1 1
0000 2 2
0000 2 2
5f1d 1 1
595a 1 1
5bb0 1 1
0000 2 2
783c 1 1
0000 2 2
0000 2 2
4e4b 1 1
27be 1 1
e511 4 4
0000 2 2
4f5d 1 1
04cd 1 1
0000 2 2
543e 1 1
9572 4 4
0000 2 2
e8d8 4 4
931a 4 4
e933 4 4
b78c 4 4
0000 2 2
56d2 1 1
b048 4 4
9a22 4 4
528a 1 1
0000 2 2
0000 2 2
0000 2 2
4869 1 1
0000 2 2
0000 2 2
b337 4 4
f572 4 4
342a 1 1
f40e 4 4
3e94 1 1
0000 2 2
0000 2 2
0000 2 2
4930 1 1
fcd3 4 4
0000 2 2
ef46 4 4
5e5a 1 1
0000 2 2
81d4 4 4
7041 1 1
f045 4 4
e1e1 4 4
cf87 4 4
2680 1 1
0000 2 2
0000 2 2
c82b 4 4
0000 2 2
0000 2 2
0000 2 2
bb8f 4 4
e327 4 4
0000 2 2
bc45 4 4
ee26 4 4
0000 2 2
0000 2 2
707b 1 1
017e 1 1
4cbb 1 1
f81e 4 4
f211 4 4
059d 1 1
293e 1 1
d2ec 4 4
862b 4 4
d008 4 4
aa77 4 4
0000 2 2
0000 2 2
db73 4 4
d1f0 4 4
3432 1 1
ebe8 4 4
f382 4 4
ae91 4 4
0000 2 2
0000 2 2
0000 2 2
0000 2 2
127d 1 1
6d3a 1 1
4376 1 1
0000 2 2
9558 4 4
108c 1 1
0000 2 2
0000 2 2
c443 4 4
d207 4 4
1dfe 1 1
75c3 1 1
e6b7 4 4
0000 2 2
0000 2 2
1781 1 1
ce04 4 4
d3f4 4 4
2a04 1 1
e1bb 4 4
0000 2 2
0000 2 2
0000 2 2
0000 2 2
0000 2 2
f5e3 4 4
3ace 1 1
f2ea 4 4
0000 2 2
1151 1 1
0000 2 2
cb12 4 4
4031 1 1
0000 2 2
0000 2 2
0000 2 2
4628 1 1
0000 2 2
0000 2 2
9235 4 4
a58e 4 4
5e68 1 1
a76c 4 4
8c84 4 4
0000 2 2
460f 1 1
3c5d 1 1
957c 4 4
0000 2 2
3399 1 1
c43d 4 4
3ec9 1 1
0000 2 2
3d0e 1 1
592d 1 1
6874 1 1
0eb3 1 1
0000 2 2
0000 2 2
625e 1 1
a4cd 4 4
0000 2 2
6e3e 1 1
7f08 1 1
0000 2 2
7223 1 1
31ab 1 1
74d7 1 1
95ae 4 4
1d2c 1 1
0000 2 2
e939 4 4
e91a 4 4
edef 4 4
e31f 4 4
89da 4 4
d83e 4 4
46ab 1 1
bea6 4 4
8bea 4 4
dbea 4 4
0000 2 2
0000 2 2
57a5 1 1
0000 2 2
4554 1 1
0000 2 2
0000 2 2
37fe 1 1
1a99 1 1
220c 1 1
78b3 1 1
0000 2 2
3d08 1 1
207e 1 1
cd63 4 4
411f 1 1
830a 4 4
69af 1 1
0000 2 2
b48b 4 4
a47b 4 4
37de 1 1
0000 2 2
8ae2 4 4
87a1 4 4
ad74 4 4
0000 2 2
ae9e 4 4
754c 1 1
3abc 1 1
472f 1 1
1b4d 1 1
40d7 1 1
dfff 4 4
76f5 1 1
0000 2 2
5f5a 1 1
57b7 1 1
3335 1 1
80d2 4 4
0000 2 2
0000 2 2
c633 4 4
b14a 4 4
220b 1 1
8e8d 4 4
0000 2 2
0000 2 2
042d 1 1
0000 2 2
0000 2 2
e054 4 4
8a15 4 4
7861 1 1
0000 2 2
90ed 4 4
ffe5 4 4
0000 2 2
b62a 4 4
6ad1 1 1
3fd3 1 1
5968 1 1
0000 2 2
a7a2 4 4
e042 4 4
0000 2 2
0000 2 2
0000 2 2
0000 2 2
0000 2 2
ae31 4 4
c43a 4 4
0000 2 2
46d3 1 1
0000 2 2
70da 1 1
2226 1 1
0000 2 2
0000 2 2
98c4 4 4
0000 2 2
0000 2 2
0000 2 2
0000 2 2
6181 1 1
0000 2 2
ad53 4 4
0000 2 2
c012 4 4
0776 1 1
5ae4 1 1
0000 2 2
0000 2 2
42a2 1 1
045d 1 1
c7e3 4 4
2386 1 1
8edb 4 4
93f7 4 4
a5bc 4 4
96d8 4 4
ee9a 4 4
0000 2 2
3642 1 1
51ea 1 1
b5f9 4 4
6363 1 1
0000 2 2
9ca9 4 4
7948 1 1
eb4c 4 4
12f2 1 1
de81 4 4
5c93 1 1
de88 4 4
cc74 4 4
d08a 4 4
94ff 4 4
0000 2 2
269c 1 1
d2b9 4 4
dd39 4 4
9140 4 4
0000 2 2
11c8 1 1
dfd5 4 4
ca19 4 4
0000 2 2
b157 4 4
3349 1 1
0000 2 2
51f5 1 1
e86e 4 4
1283 1 1
fa85 4 4
7877 1 1
ac2e 4 4
776d 1 1
223a 1 1
f621 4 4
0000 2 2
0000 2 2
b994 4 4
0000 2 2
fac9 4 4
166c 1 1
0000 2 2
f811 4 4
c27d 4 4
b18d 4 4
0893 1 1
0000 2 2
0000 2 2
1ad4 1 1
76a6 1 1
1da4 1 1
4246 1 1
979e 4 4
1c39 1 1
e6b9 4 4
61f6 1 1
e0cf 4 4
341f 1 1
3933 1 1
8743 4 4
0000 2 2
0000 2 2
53b7 1 1
4fa7 1 1
2fa5 1 1
0000 2 2
099b 1 1
0000 2 2
0000 2 2
0efc 1 1
0000 2 2
0000 2 2
e9eb 4 4
e226 4 4
0000 2 2
d43a 4 4
0000 2 2
0000 2 2
0000 2 2
b42a 4 4
42f9 1 1
a12f 4 4
b103 4 4
966a 4 4
e7b7 4 4
0000 2 2
a019 4 4
0000 2 2
859f 4 4
0000 2 2
e8a5 4 4
0000 2 2
379e 1 1
bbf3 4 4
a892 4 4
52fc 1 1
0000 2 2
e405 4 4
bbbd 4 4
0000 2 2
1933 1 1
2bc8 1 1
0000 2 2
6c73 1 1
6083 1 1
e9c6 4 4
50bb 1 1
f995 4 4
d236 4 4
d8ca 4 4
0000 2 2
778e 1 1
75b5 1 1
9580 4 4
9cf6 4 4
c0c7 4 4
81c8 4 4
9053 4 4
0000 2 2
0000 2 2
0000 2 2
ebd8 4 4
d4ad 4 4
1d20 1 1
6aa1 1 1
58e2 1 1
88ad 4 4
3a01 1 1
88e0 4 4
58bf 1 1
0000 2 2
0000 2 2
24fd 1 1
0000 2 2
0000 2 2
0000 2 2
0000 2 2
ffd0 4 4
23e1 1 1
0000 2 2
0000 2 2
0721 1 1
5e5f 1 1
4b72 1 1
8c26 4 4
1980 1 1
9c50 4 4
e689 4 4
9cb7 4 4
62db 1 1
794e 1 1
5c90 1 1
0000 2 2
458f 1 1
2c8c 1 1
0000 2 2
118b 1 1
0000 2 2
b437 4 4
0000 2 2
0000 2 2
c5f7 4 4
ce77 4 4
57a8 1 1
62b5 1 1
e50e 4 4
9615 4 4
2ca7 1 1
7864 1 1
a585 4 4
0358 1 1
0000 2 2
3ee0 1 1
a279 4 4
ccf3 4 4
0000 2 2
0000 2 2
e0a4 4 4
9099 4 4
0000 2 2
1ddd 1 1
0000 2 2
91e3 4 4
8b93 4 4
6393 1 1
0000 2 2
0000 2 2
0000 2 2
ecf3 4 4
0000 2 2
3e73 1 1
0000 2 2
3b0d 1 1
5dcd 1 1
7cc5 1 1
0000 2 2
a884 4 4
bad9 4 4
0000 2 2
0000 2 2
e923 4 4
0000 2 2
8c3e 4 4
9a67 4 4
0000 2 2
fdd9 4 4
6752 1 1
eef2 4 4
0000 2 2
6719 1 1
3c3b 1 1
0000 2 2
7b02 1 1
06e9 1 1
7c9f 1 1
0000 2 2
5df7 1 1
9485 4 4
894a 4 4
0000 2 2
0ea1 1 1
0000 2 2
1b41 1 1
0000 2 2
60bb 1 1
0000 2 2
851b 4 4
0000 2 2
0000 2 2
1ea8 1 1
49c8 1 1
56e7 1 1
e11b 4 4
57ff 1 1
7cba 1 1
ecb6 4 4
7949 1 1
d11e 4 4
dc41 4 4
8f2e 4 4
c20b 4 4
7de7 1 1
9339 4 4
0000 2 2
4d7d 1 1
9f49 4 4
1652 1 1
ad82 4 4
b47f 4 4
7c55 1 1
fe32 4 4
9aae 4 4
cc82 4 4
0000 2 2
5ba4 1 1
0000 2 2
9ac2 4 4
c491 4 4
0000 2 2
11c8 1 1
c944 4 4
2279 1 1
ee6b 4 4
0000 2 2
327a 1 1
bc04 4 4
2999 1 1
0000 2 2
d1af 4 4
fd12 4 4
8057 4 4
67bb 1 1
ab66 4 4
188a 1 1
0000 2 2
0cf4 1 1
0000 2 2
4a39 1 1
0000 2 2
93b8 4 4
88cf 4 4
0000 2 2
24dc 1 1
0000 2 2
61f3 1 1
0000 2 2
c57e 4 4
0000 2 2
0000 2 2
4ad2 1 1
0ccb 1 1
10c8 1 1
0000 2 2
1b8a 1 1
58a0 1 1
c92f 4 4
fa7a 4 4
a194 4 4
3a9c 1 1
d779 4 4
0000 2 2
0000 2 2
c570 4 4
af99 4 4
0000 2 2
8771 4 4
5818 1 1
1913 1 1
fa0a 4 4
0000 2 2
4878 1 1
f5b1 4 4
0000 2 2
d68c 4 4
0000 2 2
0000 2 2
6721 1 1
0000 2 2
fb7f 4 4
0000 2 2
0000 2 2
6237 1 1
cc77 4 4
d884 4 4
0000 2 2
0e0f 1 1
b8fb 4 4
1324 1 1
0000 2 2
cf13 4 4
3ffb 1 1
0000 2 2
c5cf 4 4
aefd 4 4
0000 2 2
a064 4 4
f140 4 4
d90f 4 4
bb2e 4 4
59ba 1 1
ca97 4 4
0000 2 2
1992 1 1
1913 1 1
4014 1 1
0000 2 2
97f6 4 4
778b 1 1
0000 2 2
4533 1 1
0000 2 2
901a 4 4
0000 2 2
384d 1 1
5f5e 1 1
0000 2 2
0000 2 2
d4d4 4 4
ec1e 4 4
0000 2 2
0000 2 2
774b 1 1
f735 4 4
3d6b 1 1
b5fc 4 4
48d5 1 1
0d54 1 1
fdac 4 4
3610 1 1
0000 2 2
d303 4 4
f5fc 4 4
ac7f 4 4
89ac 4 4
40f6 1 1
b954 4 4
0000 2 2
eff0 4 4
799c 1 1
37b4 1 1
3784 1 1
0000 2 2
0000 2 2
6dce 1 1
0000 2 2
0000 2 2
0000 2 2
773a 1 1
a6ac 4 4
0000 2 2
0000 2 2
c1ef 4 4
bcc2 4 4
c115 4 4
0000 2 2
0000 2 2
173b 1 1
0000 2 2
9a74 4 4
0000 2 2
c599 4 4
0000 2 2
fa9a 4 4
ca85 4 4
c290 4 4
5608 1 1
2258 1 1
024b 1 1
4310 1 1
5e4f 1 1
6b41 1 1
deb2 4 4
18aa 1 1
0000 2 2
4fbd 1 1
a427 4 4
124d 1 1
697a 1 1
82d8 4 4
7f09 1 1
1781 1 1
e506 4 4
9e25 4 4
2e78 1 1
ceec 4 4
c2c8 4 4
386b 1 1
c846 4 4
cdeb 4 4
94de 4 4
cb57 4 4
2d52 1 1
e1db 4 4
6ece 1 1
0a1e 1 1
12cd 1 1
0000 2 2
ceb2 4 4
27cb 1 1
d301 4 4
a666 4 4
4be7 1 1
9b2b 4 4
0000 2 2
68c5 1 1
67de 1 1
f49b 4 4
8dd9 4 4
b5c9 4 4
c0f1 4 4
0000 2 2
0000 2 2
0000 2 2
f61d 4 4
9bb4 4 4
918f 4 4
da37 4 4
66d6 1 1
be2b 4 4
574f 1 1
a8f4 4 4
3dff 1 1
0000 2 2
e5fb 4 4
7583 1 1
c17f 4 4
0000 2 2
0000 2 2
0000 2 2
3fca 1 1
0000 2 2
67c0 1 1
49a7 1 1
0000 2 2
4281 1 1
daf7 4 4
d99f 4 4
ed3e 4 4
283e 1 1
a404 4 4
eeeb 4 4
53b6 1 1
314e 1 1
0000 2 2
cf71 4 4
5d81 1 1
81c5 4 4
fc3a 4 4
e6e2 4 4
0000 2 2
0000 2 2
0000 2 2
0000 2 2
3c20 1 1
350f 1 1
d14b 4 4
a2f4 4 4
0000 2 2
5038 1 1
35f5 1 1
33f6 1 1
b102 4 4
59ff 1 1
b333 4 4
aba2 4 4
0000 2 2
0000 2 2
14d7 1 1
c4d9 4 4
0000 2 2
f8de 4 4
4f9a 1 1
b0b4 4 4
8eb3 4 4
0000 2 2
c9ec 4 4
0000 2 2
0000 2 2
220b 1 1
93e3 4 4
0000 2 2
aa1e 4 4
65b5 1 1
5a87 1 1
0000 2 2
0000 2 2
fd0f 4 4
882b 4 4
8830 4 4
e3f6 4 4
0000 2 2
0000 2 2
1e26 1 1
7177 1 1
0000 2 2
0000 2 2
519d 1 1
0000 2 2
c02b 4 4
bf99 4 4
ca4d 4 4
bed0 4 4
7ba9 1 1
0000 2 2
a9be 4 4
69d4 1 1
07ed 1 1
0000 2 2
1399 1 1
0000 2 2
3478 1 1
f6ca 4 4
b00f 4 4
2442 1 1
7f73 1 1
2099 1 1
0000 2 2
41d0 1 1
0000 2 2
0000 2 2
5718 1 1
4049 1 1
7190 1 1
434a 1 1
17ac 1 1
0000 2 2
e625 4 4
8dbb 4 4
0000 2 2
798d 1 1
0000 2 2
0000 2 2
ff07 4 4
5f91 1 1
0000 2 2
b1b9 4 4
1bc1 1 1
6880 1 1
df48 4 4
0000 2 2
0000 2 2
0000 2 2
0000 2 2
0000 2 2
0000 2 2
0000 2 2
0000 2 2
a180 4 4
0000 2 2
69d0 1 1
f0eb 4 4
f708 4 4
d58e 4 4
e243 4 4
0000 2 2
0000 2 2
3137 1 1
0000 2 2
255f 1 1
0000 2 2
0000 2 2
126c 1 1
0000 2 2
8708 4 4
0000 2 2
4a63 1 1
0452 1 1
0000 2 2
63bd 1 1
88af 4 4
8e7d 4 4
68de 1 1
0000 2 2
cc9e 4 4
7cbd 1 1
5179 1 1
0000 2 2
0000 2 2
0000 2 2
1c46 1 1
98ee 4 4
25e0 1 1
0000 2 2
0000 2 2
0000 2 2
0000 2 2
0000 2 2
0000 2 2
27d2 1 1
bffe 4 4
0000 2 2
2b9e 1 1
0000 2 2
0000 2 2
0000 2 2
9455 4 4
a57d 4 4
0bd4 1 1
0000 2 2
30b4 1 1
0000 2 2
0000 2 2
0000 2 2
0000 2 2
4661 1 1
5710 1 1
c030 4 4
a428 4 4
5a3c 1 1
ff03 4 4
8b00 4 4
b7fc 4 4
0000 2 2
0000 2 2
0485 1 1
9f61 4 4
eb16 4 4
267e 1 1
c058 4 4
0000 2 2
0000 2 2
0c10 1 1
0000 2 2
0000 2 2
0000 2 2
992e 4 4
7016 1 1
9fec 4 4
0a85 1 1
1267 1 1
cd5d 4 4
c23f 4 4
55d4 1 1
5c80 1 1
0000 2 2
86c4 4 4
0000 2 2
e1a9 4 4
0000 2 2
41ff 1 1
0000 2 2
f4f3 4 4
0000 2 2
e695 4 4
0000 2 2
0000 2 2
b84d 4 4
0000 2 2
0000 2 2
0000 2 2
0000 2 2
1e0b 1 1
1d18 1 1
9d8a 4 4
f7b0 4 4
3f4a 1 1
b4e2 4 4
c768 4 4
a2ee 4 4
2793 1 1
0000 2 2
0000 2 2
f98b 4 4
a38f 4 4
0007 1 1
0000 2 2
38b4 1 1
b17d 4 4
4d55 1 1
9188 4 4
41af 1 1
c22f 4 4
6149 1 1
98d2 4 4
0000 2 2
0000 2 2
7f07 1 1
0000 2 2
1db8 1 1
1b8e 1 1
0f8e 1 1
0000 2 2
0000 2 2
03f2 1 1
0000 2 2
763a 1 1
269d 1 1
0000 2 2
0000 2 2
0ce1 1 1
9839 4 4
b5c3 4 4
51ae 1 1
35a1 1 1
8642 4 4
7868 1 1
0000 2 2
d9e3 4 4
5577 1 1
baa9 4 4
0000 2 2
7999 1 1
f69b 4 4
c0ac 4 4
0000 2 2
0000 2 2
0000 2 2
9ef9 4 4
448f 1 1
5c0b 1 1
8e95 4 4
0000 2 2
0000 2 2
4eb7 1 1
0000 2 2
0000 2 2
c857 4 4
cc05 4 4
0000 2 2
0000 2 2
0bea 1 1
0000 2 2
0000 2 2
808c 4 4
edf3 4 4
8fd8 4 4
0000 2 2
c87f 4 4
3b22 1 1
0000 2 2
8530 4 4
f7d0 4 4
eadc 4 4
0000 2 2
0000 2 2
14bb 1 1
06c7 1 1
13d0 1 1
797d 1 1
0000 2 2
589c 1 1
0000 2 2
6e07 1 1
e449 4 4
0000 2 2
7d95 1 1
b256 4 4
558c 1 1
77a1 1 1
461b 1 1
5183 1 1
4a91 1 1
a938 4 4
6c49 1 1
1cb9 1 1
0000 2 2
ec36 4 4
fe73 4 4
0000 2 2
c507 4 4
ab5a 4 4
f849 4 4
0000 2 2
7681 1 1
d18b 4 4
0000 2 2
9355 4 4
829f 4 4
d366 4 4
1660 1 1
327a 1 1
0000 2 2
0000 2 2
af83 4 4
0000 2 2
e6a5 4 4
6fb8 1 1
6dc0 1 1
2d2f 1 1
3dd4 1 1
0000 2 2
aaf2 4 4
8a1f 4 4
9f48 4 4
3e5e 1 1
4227 1 1
0000 2 2
51cc 1 1
c7c6 4 4
b4b1 4 4
6a14 1 1
ab03 4 4
e789 4 4
0000 2 2
879c 4 4
d380 4 4
0000 2 2
07f9 1 1
a2c1 4 4
7447 1 1
a30b 4 4
94e3 4 4
f826 4 4
0000 2 2
45c6 1 1
0000 2 2
488c 1 1
0000 2 2
3d6e 1 1
093e 1 1
fdbf 4 4
d44d 4 4
43d0 1 1
9407 4 4
0000 2 2
0000 2 2
14d1 1 1
6599 1 1
ecab 4 4
6ed7 1 1
b0ec 4 4
0000 2 2
b309 4 4
6778 1 1
0480 1 1
8353 4 4
32b5 1 1
0000 2 2
033b 1 1
6352 1 1
b2c6 4 4
a37f 4 4
3070 1 1
3b11 1 1
c0d4 4 4
0000 2 2
7e7c 1 1
0000 2 2
0000 2 2
9c76 4 4
bcaf 4 4
0a28 1 1
63f9 1 1
0000 2 2
104b 1 1
5317 1 1
0000 2 2
a0d5 4 4
0000 2 2
03fb 1 1
894d 4 4
699e 1 1
8780 4 4
881d 4 4
a98d 4 4
0000 2 2
51fb 1 1
0000 2 2
0000 2 2
0000 2 2
5137 1 1
0000 2 2
0000 2 2
0000 2 2
f66c 4 4
4624 1 1
95b0 4 4
18a9 1 1
f037 4 4
6d27 1 1
0000 2 2
97e7 4 4
2fca 1 1
53ad 1 1
e564 4 4
0000 2 2
752c 1 1
0000 2 2
0000 2 2
b6b9 4 4
43f0 1 1
6ad1 1 1
0000 2 2
1c43 1 1
0000 2 2
0000 2 2
f053 4 4
6e5d 1 1
ca91 4 4
b4b6 4 4
207b 1 1
032b 1 1
1e5e 1 1
44b4 1 1
0000 2 2
58d5 1 1
772a 1 1
0000 2 2
0000 2 2
0000 2 2
97d2 4 4
819b 4 4
0000 2 2
0079 1 1
4a03 1 1
949b 4 4
c8a5 4 4
712d 1 1
0000 2 2
6aad 1 1
0000 2 2
0000 2 2
ee64 4 4
7b1a 1 1
779e 1 1
0f5f 1 1
639c 1 1
0000 2 2
2c99 1 1
0000 2 2
0000 2 2
0000 2 2
6a7d 1 1
0fcb 1 1
5a3e 1 1
975e 4 4
0000 2 2
0000 2 2
2f4a 1 1
98d3 4 4
857a 4 4
b8ea 4 4
e1a9 4 4
e1c9 4 4
bb5d 4 4
0bad 1 1
0eda 1 1
bfb7 4 4
0000 2 2
ab60 4 4
4c99 1 1
0ebb 1 1
9378 4 4
0000 2 2
5bc6 1 1
16f0 1 1
0000 2 2
0000 2 2
270e 1 1
44b3 1 1
0000 2 2
0000 2 2
4a4a 1 1
cb49 4 4
0000 2 2
d84c 4 4
201c 1 1
24a8 1 1
6202 1 1
7965 1 1
1257 1 1
57dc 1 1
8f9b 4 4
0000 2 2
0000 2 2
0000 2 2
0000 2 2
3436 1 1
0000 2 2
3c84 1 1
dbec 4 4
53e8 1 1
cd87 4 4
54f8 1 1
d946 4 4
6721 1 1
0000 2 2
0000 2 2
d11e 4 4
65bc 1 1
0000 2 2
c2b4 4 4
12b5 1 1
0000 2 2
55a9 1 1
272a 1 1
67c1 1 1
c486 4 4
0000 2 2
3c20 1 1
358a 1 1
1fc0 1 1
0000 2 2
ed7e 4 4
0000 2 2
0000 2 2
7957 1 1
5005 1 1
0000 2 2
0000 2 2
0000 2 2
0000 2 2
0000 2 2
0000 2 2
aaf3 4 4
7f27 1 1
fe84 4 4
0000 2 2
574d 1 1
e50b 4 4
0000 2 2
0000 2 2
80b3 4 4
0000 2 2
acb3 4 4
fdcf 4 4
0b2f 1 1
998f 4 4
9207 4 4
0000 2 2
e0a9 4 4
4314 1 1
0eda 1 1
8ef2 4 4
5e41 1 1
cbdf 4 4
b671 4 4
0000 2 2
b9e3 4 4
775f 1 1
3089 1 1
2294 1 1
0000 2 2
f5e3 4 4
e9e4 4 4
0000 2 2
e5a9 4 4
6e23 1 1
499b 1 1
bc6d 4 4
0000 2 2
d2fd 4 4
5c6f 1 1
443e 1 1
35de 1 1
0000 2 2
9544 4 4
42ea 1 1
9844 4 4
0000 2 2
0000 2 2
ab44 4 4
2bc9 1 1
0000 2 2
0000 2 2
e78e 4 4
6497 1 1
59ec 1 1
0000 2 2
49ba 1 1
a259 4 4
929e 4 4
0000 2 2
ca45 4 4
81fc 4 4
0d9e 1 1
a8c5 4 4
ef0e 4 4
0b3c 1 1
0601 1 1
0000 2 2
701d 1 1
fcf3 4 4
3fef 1 1
9f81 4 4
0000 2 2
424c 1 1
0eec 1 1
3959 1 1
0000 2 2
0000 2 2
6196 1 1
164d 1 1
e707 4 4
0000 2 2
e98a 4 4
0000 2 2
ef09 4 4
0000 2 2
4495 1 1
0000 2 2
17c5 1 1
0000 2 2
7e8f 1 1
cd4e 4 4
0000 2 2
ddb1 4 4
be6d 4 4
9880 4 4
0000 2 2
0000 2 2
23b1 1 1
52d8 1 1
0e5b 1 1
9708 4 4
0000 2 2
aeb6 4 4
1339 1 1
0000 2 2
a726 4 4
cab1 4 4
72c8 1 1
0000 2 2
6de5 1 1
0000 2 2
28f2 1 1
4d54 1 1
0000 2 2
3076 1 1
9a32 4 4
0000 2 2
0000 2 2
0000 2 2
0000 2 2
e3cc 4 4
8996 4 4
c7af 4 4
3d00 1 1
5c45 1 1
e999 4 4
27fb 1 1
27f5 1 1
01a3 1 1
2cd1 1 1
b1fe 4 4
0000 2 2
0000 2 2
e136 4 4
5993 1 1
0000 2 2
0000 2 2
2672 1 1
3248 1 1
0000 2 2
ca94 4 4
5a1e 1 1
0000 2 2
2865 1 1
3096 1 1
7bfb 1 1
ad85 4 4
31b1 1 1
0000 2 2
0000 2 2
0000 2 2
88bc 4 4
d45d 4 4
c1b3 4 4
0000 2 2
0000 2 2
8c71 4 4
0000 2 2
0000 2 2
8728 4 4
0000 2 2
5c4a 1 1
0000 2 2
6ac6 1 1
dbec 4 4
0000 2 2
cdc1 4 4
0000 2 2
ec89 4 4
7ab3 1 1
1484 1 1
e9be 4 4
71a8 1 1
0000 2 2
0000 2 2
5654 1 1
0000 2 2
177c 1 1
e137 4 4
0d76 1 1
0000 2 2
0000 2 2
0000 2 2
0000 2 2
0000 2 2
0000 2 2
5fe9 1 1
0000 2 2
0000 2 2
f0d7 4 4
c478 4 4
0000 2 2
7337 1 1
6c8b 1 1
2fe4 1 1
7b59 1 1
0000 2 2
73fb 1 1
05d8 1 1
0000 2 2
38c4 1 1
13f2 1 1
2b0c 1 1
a3fe 4 4
27a7 1 1
f0ed 4 4
0000 2 2
6580 1 1
b614 4 4
29fd 1 1
0000 2 2
16c6 1 1
38ca 1 1
4794 1 1
23ea 1 1
0000 2 2
f266 4 4
6130 1 1
7a15 1 1
1caa 1 1
0000 2 2
37f9 1 1
6d23 1 1
ca3a 4 4
cd36 4 4
ac64 4 4
3c75 1 1
dc68 4 4
0000 2 2
b9fd 4 4
ea4b 4 4
0894 1 1
0000 2 2
11e7 1 1
0000 2 2
8616 4 4
0000 2 2
0000 2 2
4733 1 1
0000 2 2
3514 1 1
0000 2 2
974c 4 4
0000 2 2
0000 2 2
0000 2 2
79cf 1 1
3580 1 1
0000 2 2
23be 1 1
0000 2 2
0000 2 2
0000 2 2
4295 1 1
08c7 1 1
c648 4 4
b8a1 4 4
10c0 1 1
0000 2 2
d7e7 4 4
0000 2 2
dae6 4 4
b7c0 4 4
c24d 4 4
54cb 1 1
0000 2 2
0000 2 2
5d63 1 1
0000 2 2
2db4 1 1
320a 1 1
c3be 4 4
0000 2 2
03b7 1 1
5bb7 1 1
1c8e 1 1
5521 1 1
caac 4 4
0000 2 2
0000 2 2
0000 2 2
77e8 1 1
40c8 1 1
0000 2 2
4efe 1 1
2052 1 1
1e00 1 1
0000 2 2
0000 2 2
0000 2 2
0000 2 2
0000 2 2
5dc7 1 1
c8c3 4 4
a067 4 4
b303 4 4
0000 2 2
b9a0 4 4
7813 1 1
0000 2 2
cad4 4 4
0000 2 2
2429 1 1
f9f3 4 4
0000 2 2
0679 1 1
ea98 4 4
9e21 4 4
0000 2 2
0000 2 2
2067 1 1
f699 4 4
26ff 1 1
0b4f 1 1
3024 1 1
0000 2 2
31b7 1 1
e48a 4 4
65b7 1 1
b2b8 4 4
4390 1 1
114d 1 1
0000 2 2
0000 2 2
3711 1 1
3830 1 1
0000 2 2
8d0b 4 4
e7ed 4 4
c55c 4 4
0000 2 2
3dfc 1 1
060c 1 1
e2d0 4 4
c58d 4 4
8061 4 4
e7e8 4 4
0000 2 2
aae2 4 4
0000 2 2
0000 2 2
a536 4 4
7608 1 1
ee42 4 4
e0d3 4 4
0000 2 2
0000 2 2
3296 1 1
7693 1 1
259c 1 1
4c82 1 1
0000 2 2
33dc 1 1
0000 2 2
e2e3 4 4
0000 2 2
0000 2 2
0113 1 1
df05 4 4
0000 2 2
3eae 1 1
0000 2 2
0000 2 2
0384 1 1
8298 4 4
0000 2 2
0000 2 2
aec7 4 4
0000 2 2
12f5 1 1
9f17 4 4
0000 2 2
0000 2 2
93a4 4 4
0000 2 2
ade7 4 4
5ed1 1 1
0010 1 1
844c 4 4
39fb 1 1
1ef5 1 1
0f74 1 1
935d 4 4
0000 2 2
8378 4 4
0000 2 2
0000 2 2
0000 2 2
0000 2 2
7b03 1 1
c89d 4 4
0149 1 1
833a 4 4
0000 2 2
0000 2 2
e82b 4 4
164e 1 1
0000 2 2
6d49 1 1
cf76 4 4
25d8 1 1
a3a5 4 4
cc93 4 4
3e67 1 1
9ff9 4 4
ff0e 4 4
0000 2 2
18fd 1 1
0000 2 2
0000 2 2
0000 2 2
0000 2 2
7569 1 1
92d1 4 4
1473 1 1
ce0c 4 4
35d9 1 1
9320 4 4
a514 4 4
0000 2 2
bd1e 4 4
0000 2 2
f523 4 4
f49a 4 4
a034 4 4
9022 4 4
1df3 1 1
e808 4 4
a2dd 4 4
c55c 4 4
0000 2 2
f5d1 4 4
0000 2 2
6e4d 1 1
31db 1 1
a6b2 4 4
fed7 4 4
70a8 1 1
0000 2 2
7943 1 1
671a 1 1
46f0 1 1
c1f0 4 4
0000 2 2
0b16 1 1
0000 2 2
86ec 4 4
0000 2 2
0000 2 2
0000 2 2
1ee3 1 1
0000 2 2
459a 1 1
42c3 1 1
0000 2 2
0e2d 1 1
c3d3 4 4
ed78 4 4
0000 2 2
8db8 4 4
7b74 1 1
2a4f 1 1
dcb9 4 4
a2ad 4 4
5d96 1 1
2fcc 1 1
0000 2 2
4442 1 1
263d 1 1
f338 4 4
0000 2 2
0000 2 2
5818 1 1
a5a6 4 4
c44e 4 4
0000 2 2
2b0c 1 1
8304 4 4
4f42 1 1
0000 2 2
fb95 4 4
0000 2 2
0000 2 2
88c9 4 4
e874 4 4
aea0 4 4
4c3f 1 1
f8fe 4 4
0000 2 2
1e4b 1 1
0000 2 2
0000 2 2
0000 2 2
bd7c 4 4
22f2 1 1
567d 1 1
9f05 4 4
0000 2 2
0000 2 2
49ad 1 1
9056 4 4
ad48 4 4
0000 2 2
9f04 4 4
0000 2 2
f2f6 4 4
ab90 4 4
d632 4 4
fe34 4 4
e030 4 4
0000 2 2
06f9 1 1
d28e 4 4
e74f 4 4
c509 4 4
0000 2 2
8049 4 4
883e 4 4
6ffa 1 1
0000 2 2
d979 4 4
0000 2 2
6e15 1 1
81cf 4 4
c557 4 4
c615 4 4
0000 2 2
6c97 1 1
d2e6 4 4
703b 1 1
0000 2 2
702d 1 1
0000 2 2
0000 2 2
d0fd 4 4
8df4 4 4
aed3 4 4
0fc5 1 1
d328 4 4
a575 4 4
b06f 4 4
0000 2 2
2603 1 1
0000 2 2
0e70 1 1
15c7 1 1
7121 1 1
0000 2 2
67cf 1 1
c1d6 4 4
2972 1 1
0000 2 2
0000 2 2
10fb 1 1
e70a 4 4
0000 2 2
6700 1 1
0000 2 2
40f2 1 1
18f2 1 1
1254 1 1
69bb 1 1
30fd 1 1
e477 4 4
ce82 4 4
b6ba 4 4
482d 1 1
0000 2 2
3ecc 1 1
cbc2 4 4
4898 1 1
0000 2 2
6475 1 1
e05a 4 4
cfb7 4 4
0000 2 2
9cad 4 4
879b 4 4
7d5a 1 1
f3f8 4 4
4e5e 1 1
0000 2 2
0d47 1 1
8e48 4 4
5e91 1 1
03fe 1 1
ea7b 4 4
0000 2 2
0000 2 2
0000 2 2
0000 2 2
4905 1 1
f2b2 4 4
0000 2 2
df60 4 4
fee9 4 4
3e22 1 1
e7e9 4 4
0000 2 2
0a8a 1 1
cc74 4 4
0207 1 1
e4ea 4 4
0000 2 2
0000 2 2
0000 2 2
89db 4 4
0000 2 2
701e 1 1
0000 2 2
0000 2 2
0000 2 2
f811 4 4
0000 2 2
0000 2 2
60dd 1 1
ca48 4 4
0000 2 2
a718 4 4
0000 2 2
db0e 4 4
2985 1 1
d7d4 4 4
862c 4 4
0000 2 2
0065 1 1
38fc 1 1
40e1 1 1
0000 2 2
ebdf 4 4
0316 1 1
e9fe 4 4
0ddb 1 1
0000 2 2
3502 1 1
224c 1 1
6f31 1 1
3067 1 1
e015 4 4
b3be 4 4
8959 4 4
0000 2 2
0000 2 2
efb2 4 4
0108 1 1
cbfa 4 4
0000 2 2
da96 4 4
0000 2 2
0000 2 2
ca53 4 4
0000 2 2
0000 2 2
028d 1 1
0000 2 2
0000 2 2
7c40 1 1
0000 2 2
0000 2 2
a171 4 4
7993 1 1
761e 1 1
0000 2 2
2f07 1 1
03fe 1 1
1034 1 1
bece 4 4
0000 2 2
0000 2 2
e827 4 4
0000 2 2
bd22 4 4
0000 2 2
8ffa 4 4
3654 1 1
dbf6 4 4
0000 2 2
0000 2 2
0000 2 2
0d69 1 1
36ac 1 1
5276 1 1
0000 2 2
0000 2 2
c9cf 4 4
b664 4 4
73ed 1 1
655d 1 1
c1d6 4 4
b31b 4 4
a0ca 4 4
0000 2 2
4e99 1 1
0000 2 2
0000 2 2
3dc4 1 1
b592 4 4
5b3d 1 1
3c81 1 1
ed71 4 4
ae35 4 4
0000 2 2
f6f2 4 4
1d3c 1 1
0000 2 2
e401 4 4
d275 4 4
c1c5 4 4
1bcb 1 1
3693 1 1
0000 2 2
23ce 1 1
82bf 4 4
e7c2 4 4
37a7 1 1
1fff 1 1
0000 2 2
f856 4 4
3a80 1 1
df1e 4 4
31ab 1 1
53d1 1 1
04de 1 1
bd99 4 4
0000 2 2
d866 4 4
0000 2 2
9732 4 4
0000 2 2
be61 4 4
356f 1 1
f7df 4 4
0000 2 2
30ba 1 1
0000 2 2
7b4f 1 1
8310 4 4
0000 2 2
4756 1 1
0000 2 2
2a62 1 1
f532 4 4
0000 2 2
7853 1 1
4c51 1 1
e9e7 4 4
0000 2 2
0000 2 2
acdd 4 4
63aa 1 1
1865 1 1
0b3d 1 1
9b9d 4 4
00b3 1 1
e6ae 4 4
0000 2 2
aff9 4 4
15d1 1 1
0000 2 2
2bf1 1 1
0000 2 2
dc12 4 4
51c5 1 1
0000 2 2
edda 4 4
0000 2 2
0000 2 2
0000 2 2
0000 2 2
7b3a 1 1
0000 2 2
7846 1 1
0930 1 1
4d03 1 1
0000 2 2
229b 1 1
ae00 4 4
0000 2 2
92d5 4 4
0000 2 2
5a5a 1 1
c082 4 4
0000 2 2
3ea9 1 1
5bc6 1 1
0000 2 2
bc30 4 4
0000 2 2
5d1f 1 1
324b 1 1
0000 2 2
0000 2 2
5bc8 1 1
0000 2 2
0000 2 2
0000 2 2
8cda 4 4
0000 2 2
cf9f 4 4
0000 2 2
99bd 4 4
502d 1 1
1ed3 1 1
cee6 4 4
0000 2 2
0d1c 1 1
15fb 1 1
0000 2 2
d317 4 4
6254 1 1
75b9 1 1
aaff 4 4
0000 2 2
0000 2 2
0000 2 2
72c4 1 1
011b 1 1
1683 1 1
0000 2 2
bbf4 4 4
d775 4 4
9297 4 4
0000 2 2
0000 2 2
4bbd 1 1
0000 2 2
ee92 4 4
0000 2 2
0000 2 2
19d0 1 1
1508 1 1
0000 2 2
a179 4 4
0000 2 2
6665 1 1
1127 1 1
e493 4 4
59ab 1 1
5b51 1 1
e134 4 4
9227 4 4
0000 2 2
0bcb 1 1
3fbe 1 1
9524 4 4
17e2 1 1
ed0b 4 4
f65c 4 4
0000 2 2
c58f 4 4
d8a6 4 4
a2d0 4 4
e4f8 4 4
9ed2 4 4
0000 2 2
0000 2 2
0000 2 2
0000 2 2
ee44 4 4
d870 4 4
0000 2 2
8b0a 4 4
d334 4 4
0000 2 2
6cdd 1 1
94d4 4 4
bb79 4 4
0000 2 2
0000 2 2
0000 2 2
0000 2 2
81ae 4 4
f3d4 4 4
0140 1 1
0000 2 2
4325 1 1
1da6 1 1
0000 2 2
1afa 1 1
a869 4 4
e9aa 4 4
0000 2 2
202e 1 1
7f5a 1 1
0000 2 2
e295 4 4
6a01 1 1
819b 4 4
caff 4 4
0000 2 2
1dbe 1 1
f578 4 4
ac2f 4 4
0000 2 2
0000 2 2
0000 2 2
934f 4 4
e6f8 4 4
3be2 1 1
0000 2 2
61a6 1 1
0000 2 2
adfa 4 4
0000 2 2
2393 1 1
5a0e 1 1
0000 2 2
bc5b 4 4
0000 2 2
93dd 4 4
0000 2 2
0000 2 2
0000 2 2
0000 2 2
0000 2 2
0000 2 2
7c60 1 1
b475 4 4
eaa3 4 4
50f7 1 1
0000 2 2
6241 1 1
0000 2 2
4882 1 1
9095 4 4
0000 2 2
0000 2 2
5a18 1 1
a9d9 4 4
5887 1 1
9e72 4 4
8916 4 4
b6cd 4 4
5fe9 1 1
f4bd 4 4
0000 2 2
1d03 1 1
e33b 4 4
0000 2 2
386e 1 1
244d 1 1
f261 4 4
5d69 1 1
02df 1 1
0000 2 2
f755 4 4
2c97 1 1
1a30 1 1
05cf 1 1
59ee 1 1
8b06 4 4
0000 2 2
0000 2 2
0000 2 2
9cc5 4 4
afa1 4 4
8ad1 4 4
f506 4 4
0000 2 2
f199 4 4
28d9 1 1
7985 1 1
dd60 4 4
8b61 4 4
1256 1 1
0000 2 2
2278 1 1
0000 2 2
0000 2 2
e3a8 4 4
ef60 4 4
0000 2 2
ff0c 4 4
0000 2 2
ff0f 4 4
5e21 1 1
2cec 1 1
9404 4 4
0000 2 2
36c6 1 1
9418 4 4
450b 1 1
7b7d 1 1
a404 4 4
ec6e 4 4
0000 2 2
0000 2 2
f2d1 4 4
0000 2 2
4048 1 1
0000 2 2
0000 2 2
6c9a 1 1
34b5 1 1
e1ee 4 4
0000 2 2
0000 2 2
31c9 1 1
c624 4 4
f91e 4 4
2a8d 1 1
31e6 1 1
6114 1 1
54fd 1 1
0000 2 2
0fbf 1 1
0000 2 2
0000 2 2
0000 2 2
4b2d 1 1
0000 2 2
d040 4 4
cae7 4 4
a85c 4 4
daba 4 4
6f2a 1 1
7232 1 1
caee 4 4
ff77 4 4
6061 1 1
0000 2 2
85d6 4 4
bfb6 4 4
b706 4 4
df0b 4 4
232c 1 1
bd64 4 4
4362 1 1
2482 1 1
cfd3 4 4
9f3f 4 4
a7e0 4 4
8f68 4 4
7499 1 1
bb72 4 4
c385 4 4
23c8 1 1
96ef 4 4
cad1 4 4
7b43 1 1
c4bd 4 4
0000 2 2
0000 2 2
6864 1 1
b2fe 4 4
0000 2 2
c623 4 4
aa83 4 4
548f 1 1
6f3d 1 1
0000 2 2
9d90 4 4
0528 1 1
0005 1 1
0000 2 2
c558 4 4
e91a 4 4
0000 2 2
0000 2 2
cc5b 4 4
7c2e 1 1
0000 2 2
e84d 4 4
0000 2 2
0000 2 2
8d10 4 4
a337 4 4
b0f7 4 4
0000 2 2
0000 2 2
0bd6 1 1
b0de 4 4
f0a6 4 4
f7b6 4 4
0000 2 2
c797 4 4
40d6 1 1
c5a7 4 4
0000 2 2
0000 2 2
23fb 1 1
0000 2 2
0000 2 2
0000 2 2
0000 2 2
8dbf 4 4
ebd1 4 4
cbb9 4 4
8abc 4 4
1f98 1 1
fe38 4 4
0000 2 2
0000 2 2
db74 4 4
0000 2 2
d5b6 4 4
0000 2 2
0000 2 2
3709 1 1
98a2 4 4
7b2c 1 1
d0a7 4 4
8c5c 4 4
510c 1 1
0000 2 2
d532 4 4
3f5d 1 1
2301 1 1
0d68 1 1
7131 1 1
bbee 4 4
0000 2 2
645f 1 1
a058 4 4
a36f 4 4
0000 2 2
f31b 4 4
0000 2 2
47b3 1 1
17b5 1 1
0000 2 2
b86d 4 4
0000 2 2
f5a6 4 4
00aa 1 1
b383 4 4
0000 2 2
8aa6 4 4
0000 2 2
0000 2 2
e5d2 4 4
0000 2 2
b51c 4 4
0000 2 2
0000 2 2
0000 2 2
6559 1 1
52cb 1 1
dbbc 4 4
0000 2 2
0000 2 2
76bf 1 1
0000 2 2
0000 2 2
230b 1 1
0413 1 1
25ca 1 1
0000 2 2
b049 4 4
5ec1 1 1
494d 1 1
0000 2 2
0000 2 2
f7fc 4 4
0000 2 2
9c99 4 4
b38f 4 4
10f5 1 1
3898 1 1
0000 2 2
0000 2 2
0000 2 2
c9b7 4 4
9861 4 4
3d00 1 1
0000 2 2
6f2c 1 1
0000 2 2
b8ed 4 4
4ffa 1 1
d886 4 4
0000 2 2
8cb8 4 4
0000 2 2
0000 2 2
0dd0 1 1
582c 1 1
0000 2 2
0277 1 1
6d96 1 1
7c42 1 1
0000 2 2
0000 2 2
0000 2 2
2d05 1 1
e423 4 4
ed2d 4 4
e100 4 4
0000 2 2
0000 2 2
0000 2 2
0000 2 2
e955 4 4
0000 2 2
04b3 1 1
dc04 4 4
3d1e 1 1
16e6 1 1
0000 2 2
25b9 1 1
b4dc 4 4
73e2 1 1
8a9d 4 4
bae1 4 4
0000 2 2
2e3e 1 1
0000 2 2
047b 1 1
0000 2 2
3b11 1 1
1ca1 1 1
0000 2 2
0000 2 2
521b 1 1
5ebb 1 1
9c0a 4 4
